	17.0	18.0	19.0	20.0	21.0	22.0	23.0	24.0	25.0	26.0	27.0	28.0	29.0	30.0	31.0	32.0	33.0	34.0	35.0
10AF_S5_R1_001_val_1	1.0	15.0	113.0	591.0	2598.0	8275.0	20571.0	43980.0	83161.0	145965.0	236891.0	368693.0	548459.0	792805.0	1119386.0	1585480.0	2342170.0	4146254.0	3246255.0
	4.0	5.0	6.0	7.0	8.0	9.0	10.0	11.0	12.0	13.0	14.0	15.0	16.0	17.0	18.0	19.0	20.0	21.0	22.0	23.0	24.0	25.0	26.0	27.0	28.0	29.0	30.0	31.0	32.0	33.0	34.0	35.0
10AF_S5_R2_001_val_2	1.0	5.0	4.0	7.0	11.0	15.0	27.0	49.0	73.0	91.0	112.0	226.0	871.0	3267.0	9114.0	19764.0	38093.0	59708.0	80845.0	104912.0	140251.0	194270.0	274839.0	388436.0	547722.0	771853.0	1095399.0	1576627.0	2274392.0	3086025.0	3118335.0	906319.0
	18.0	19.0	20.0	21.0	22.0	23.0	24.0	25.0	26.0	27.0	28.0	29.0	30.0	31.0	32.0	33.0	34.0	35.0
10P_ER_S13_R1_001_val_1	13.0	79.0	468.0	1937.0	6282.0	15891.0	33970.0	65114.0	114519.0	190881.0	300641.0	458999.0	681183.0	983300.0	1420692.0	2134664.0	3833215.0	3073714.0
	6.0	7.0	8.0	9.0	10.0	11.0	12.0	13.0	14.0	15.0	16.0	17.0	18.0	19.0	20.0	21.0	22.0	23.0	24.0	25.0	26.0	27.0	28.0	29.0	30.0	31.0	32.0	33.0	34.0	35.0
10P_ER_S13_R2_001_val_2	3.0	11.0	10.0	16.0	31.0	46.0	99.0	81.0	92.0	178.0	671.0	2411.0	6604.0	15427.0	30947.0	50941.0	72328.0	98467.0	135577.0	194664.0	280909.0	404856.0	577946.0	821420.0	1167693.0	1650117.0	2260826.0	2753652.0	2284782.0	504757.0
	16.0	17.0	18.0	19.0	20.0	21.0	22.0	23.0	24.0	25.0	26.0	27.0	28.0	29.0	30.0	31.0	32.0	33.0	34.0	35.0
10R_SG_S19_R1_001_val_1	1.0	1.0	15.0	98.0	622.0	2870.0	9074.0	21957.0	45803.0	85223.0	147160.0	238562.0	369661.0	551856.0	800665.0	1138568.0	1626249.0	2430128.0	4369616.0	3475330.0
	6.0	7.0	8.0	9.0	10.0	11.0	12.0	13.0	14.0	15.0	16.0	17.0	18.0	19.0	20.0	21.0	22.0	23.0	24.0	25.0	26.0	27.0	28.0	29.0	30.0	31.0	32.0	33.0	34.0	35.0
10R_SG_S19_R2_001_val_2	3.0	8.0	10.0	19.0	40.0	53.0	70.0	121.0	143.0	216.0	812.0	3057.0	8533.0	19316.0	38551.0	63707.0	89953.0	122755.0	167154.0	233722.0	331600.0	468140.0	658720.0	925758.0	1308009.0	1855088.0	2566610.0	3175201.0	2676206.0	599884.0
	17.0	18.0	19.0	20.0	21.0	22.0	23.0	24.0	25.0	26.0	27.0	28.0	29.0	30.0	31.0	32.0	33.0	34.0	35.0
11P_DS_S14_R1_001_val_1	1.0	12.0	90.0	549.0	2257.0	7122.0	17623.0	36533.0	68995.0	120235.0	197713.0	309620.0	467323.0	687252.0	986706.0	1413508.0	2122170.0	3789558.0	2986742.0
	4.0	5.0	6.0	7.0	8.0	9.0	10.0	11.0	12.0	13.0	14.0	15.0	16.0	17.0	18.0	19.0	20.0	21.0	22.0	23.0	24.0	25.0	26.0	27.0	28.0	29.0	30.0	31.0	32.0	33.0	34.0	35.0
11P_DS_S14_R2_001_val_2	1.0	1.0	2.0	10.0	8.0	14.0	22.0	58.0	81.0	89.0	122.0	200.0	658.0	2492.0	6992.0	16087.0	32219.0	52269.0	74723.0	101158.0	139893.0	197773.0	285098.0	407721.0	577804.0	816047.0	1155382.0	1629712.0	2232387.0	2718462.0	2263735.0	502789.0
	16.0	17.0	18.0	19.0	20.0	21.0	22.0	23.0	24.0	25.0	26.0	27.0	28.0	29.0	30.0	31.0	32.0	33.0	34.0	35.0
11R_GA_S20_R1_001_val_1	1.0	7.0	18.0	103.0	706.0	2988.0	9126.0	21865.0	45763.0	85377.0	147172.0	241517.0	374529.0	565163.0	819544.0	1166365.0	1652812.0	2438117.0	4301712.0	3333863.0
	4.0	5.0	6.0	7.0	8.0	9.0	10.0	11.0	12.0	13.0	14.0	15.0	16.0	17.0	18.0	19.0	20.0	21.0	22.0	23.0	24.0	25.0	26.0	27.0	28.0	29.0	30.0	31.0	32.0	33.0	34.0	35.0
11R_GA_S20_R2_001_val_2	1.0	3.0	3.0	9.0	13.0	22.0	28.0	71.0	86.0	120.0	127.0	229.0	888.0	3233.0	9301.0	20961.0	41615.0	67550.0	97254.0	131996.0	183484.0	261449.0	371875.0	526877.0	735007.0	1017245.0	1406145.0	1917994.0	2537177.0	2973276.0	2381412.0	521297.0
	16.0	17.0	18.0	19.0	20.0	21.0	22.0	23.0	24.0	25.0	26.0	27.0	28.0	29.0	30.0	31.0	32.0	33.0	34.0	35.0	36.0	37.0
12_HS_S1_R1_001_val_1	1.0	4.0	18.0	48.0	191.0	594.0	1667.0	3806.0	7841.0	15906.0	29701.0	51997.0	81292.0	122964.0	175681.0	248701.0	333226.0	460246.0	669149.0	1430809.0	7840358.0	4720563.0
	8.0	9.0	10.0	11.0	12.0	13.0	14.0	15.0	16.0	17.0	18.0	19.0	20.0	21.0	22.0	23.0	24.0	25.0	26.0	27.0	28.0	29.0	30.0	31.0	32.0	33.0	34.0	35.0	36.0	37.0
12_HS_S1_R2_001_val_2	1.0	0.0	1.0	11.0	84.0	472.0	1311.0	2507.0	3904.0	5183.0	7052.0	10239.0	15375.0	24503.0	36499.0	52342.0	69407.0	92771.0	116578.0	151418.0	191466.0	249081.0	327426.0	455355.0	640959.0	979070.0	1547375.0	2835220.0	6663580.0	1715573.0
	16.0	17.0	18.0	19.0	20.0	21.0	22.0	23.0	24.0	25.0	26.0	27.0	28.0	29.0	30.0	31.0	32.0	33.0	34.0	35.0	36.0	37.0
12_P_DGG_S22_R1_001_val_1	3.0	10.0	30.0	92.0	330.0	1126.0	3030.0	6801.0	13085.0	25958.0	46589.0	77082.0	117478.0	174626.0	246557.0	345841.0	461108.0	627483.0	897239.0	1921180.0	10298555.0	5845583.0
	6.0	7.0	8.0	9.0	10.0	11.0	12.0	13.0	14.0	15.0	16.0	17.0	18.0	19.0	20.0	21.0	22.0	23.0	24.0	25.0	26.0	27.0	28.0	29.0	30.0	31.0	32.0	33.0	34.0	35.0	36.0	37.0
12_P_DGG_S22_R2_001_val_2	1.0	0.0	0.0	1.0	1.0	22.0	103.0	500.0	1411.0	2623.0	3985.0	5716.0	7797.0	11419.0	18163.0	29619.0	45525.0	66220.0	89241.0	120739.0	152084.0	199162.0	253727.0	331185.0	436525.0	608383.0	855299.0	1296170.0	2016699.0	3621817.0	8532387.0	2403262.0
	16.0	17.0	18.0	19.0	20.0	21.0	22.0	23.0	24.0	25.0	26.0	27.0	28.0	29.0	30.0	31.0	32.0	33.0	34.0	35.0	36.0	37.0
12_R_EU_S8_R1_001_val_1	3.0	12.0	29.0	103.0	364.0	1265.0	3470.0	7661.0	14281.0	27948.0	49692.0	82845.0	126219.0	187833.0	263581.0	371359.0	496659.0	679407.0	979237.0	2099481.0	11380465.0	6556618.0
	8.0	9.0	10.0	11.0	12.0	13.0	14.0	15.0	16.0	17.0	18.0	19.0	20.0	21.0	22.0	23.0	24.0	25.0	26.0	27.0	28.0	29.0	30.0	31.0	32.0	33.0	34.0	35.0	36.0	37.0
12_R_EU_S8_R2_001_val_2	2.0	1.0	1.0	20.0	88.0	463.0	1327.0	2732.0	4016.0	5830.0	7897.0	11990.0	18776.0	31140.0	48761.0	72276.0	95411.0	129870.0	162354.0	212994.0	270970.0	359559.0	479468.0	671578.0	954557.0	1466998.0	2313346.0	4174910.0	9372842.0	2458355.0
	15.0	16.0	17.0	18.0	19.0	20.0	21.0	22.0	23.0	24.0	25.0	26.0	27.0	28.0	29.0	30.0	31.0	32.0	33.0	34.0	35.0	36.0	37.0
13_HS_S2_R1_001_val_1	1.0	1.0	6.0	31.0	78.0	291.0	1104.0	2891.0	6266.0	12177.0	23347.0	42370.0	69828.0	106756.0	159928.0	226125.0	320409.0	429080.0	584769.0	843698.0	1798823.0	9565766.0	5400815.0
	9.0	10.0	11.0	12.0	13.0	14.0	15.0	16.0	17.0	18.0	19.0	20.0	21.0	22.0	23.0	24.0	25.0	26.0	27.0	28.0	29.0	30.0	31.0	32.0	33.0	34.0	35.0	36.0	37.0
13_HS_S2_R2_001_val_2	1.0	1.0	17.0	153.0	637.0	1894.0	3539.0	5091.0	7121.0	9283.0	13091.0	19350.0	30588.0	45061.0	64196.0	84173.0	112259.0	140412.0	183498.0	233638.0	305300.0	400719.0	559602.0	791617.0	1214847.0	1911092.0	3466142.0	7894266.0	2096972.0
	16.0	17.0	18.0	19.0	20.0	21.0	22.0	23.0	24.0	25.0	26.0	27.0	28.0	29.0	30.0	31.0	32.0	33.0	34.0	35.0	36.0	37.0
13_P_FM_S23_R1_001_val_1	2.0	8.0	19.0	76.0	286.0	1049.0	2808.0	6169.0	11194.0	21669.0	37893.0	62639.0	94299.0	141764.0	199556.0	279282.0	369247.0	493227.0	695238.0	1470747.0	7931720.0	4723368.0
	9.0	10.0	11.0	12.0	13.0	14.0	15.0	16.0	17.0	18.0	19.0	20.0	21.0	22.0	23.0	24.0	25.0	26.0	27.0	28.0	29.0	30.0	31.0	32.0	33.0	34.0	35.0	36.0	37.0
13_P_FM_S23_R2_001_val_2	1.0	0.0	9.0	75.0	301.0	881.0	1815.0	2793.0	3935.0	5662.0	8413.0	13468.0	22615.0	34600.0	51532.0	69185.0	94195.0	119299.0	156663.0	199285.0	261997.0	344775.0	480037.0	675092.0	1032953.0	1613226.0	2912534.0	6669194.0	1767725.0
	15.0	16.0	17.0	18.0	19.0	20.0	21.0	22.0	23.0	24.0	25.0	26.0	27.0	28.0	29.0	30.0	31.0	32.0	33.0	34.0	35.0	36.0	37.0
13_R_RF_S9_R1_001_val_1	1.0	4.0	19.0	37.0	90.0	268.0	1202.0	3079.0	7158.0	13644.0	27227.0	48784.0	81277.0	123755.0	183687.0	257898.0	361374.0	481893.0	656075.0	947735.0	2035289.0	10906355.0	6241714.0
	9.0	10.0	11.0	12.0	13.0	14.0	15.0	16.0	17.0	18.0	19.0	20.0	21.0	22.0	23.0	24.0	25.0	26.0	27.0	28.0	29.0	30.0	31.0	32.0	33.0	34.0	35.0	36.0	37.0
13_R_RF_S9_R2_001_val_2	1.0	2.0	22.0	88.0	411.0	1216.0	2481.0	3868.0	5443.0	7464.0	11376.0	18044.0	29805.0	45601.0	67131.0	89569.0	121348.0	153691.0	202776.0	261192.0	346440.0	461716.0	650271.0	921751.0	1423725.0	2235273.0	4026032.0	8958418.0	2333410.0
	15.0	16.0	17.0	18.0	19.0	20.0	21.0	22.0	23.0	24.0	25.0	26.0	27.0	28.0	29.0	30.0	31.0	32.0	33.0	34.0	35.0	36.0	37.0
14_HS_S3_R1_001_val_1	1.0	1.0	6.0	28.0	95.0	345.0	1209.0	3186.0	7391.0	14239.0	28015.0	50297.0	83356.0	126908.0	189448.0	264554.0	368580.0	491116.0	665557.0	954432.0	2045405.0	10995783.0	6205000.0
	8.0	9.0	10.0	11.0	12.0	13.0	14.0	15.0	16.0	17.0	18.0	19.0	20.0	21.0	22.0	23.0	24.0	25.0	26.0	27.0	28.0	29.0	30.0	31.0	32.0	33.0	34.0	35.0	36.0	37.0
14_HS_S3_R2_001_val_2	1.0	0.0	1.0	18.0	109.0	500.0	1556.0	2828.0	4215.0	6017.0	8206.0	11900.0	18923.0	31108.0	47166.0	68757.0	91614.0	122903.0	156712.0	204381.0	262057.0	346146.0	461158.0	647403.0	916249.0	1408183.0	2208770.0	3979967.0	9041557.0	2446547.0
	15.0	16.0	17.0	18.0	19.0	20.0	21.0	22.0	23.0	24.0	25.0	26.0	27.0	28.0	29.0	30.0	31.0	32.0	33.0	34.0	35.0	36.0	37.0
14_P_SG_S24_R1_001_val_1	2.0	3.0	9.0	31.0	89.0	378.0	1239.0	3512.0	7844.0	14044.0	27370.0	48129.0	79034.0	119965.0	178217.0	249543.0	351369.0	467614.0	635266.0	908830.0	1924713.0	10229018.0	6230728.0
	10.0	11.0	12.0	13.0	14.0	15.0	16.0	17.0	18.0	19.0	20.0	21.0	22.0	23.0	24.0	25.0	26.0	27.0	28.0	29.0	30.0	31.0	32.0	33.0	34.0	35.0	36.0	37.0
14_P_SG_S24_R2_001_val_2	2.0	13.0	64.0	326.0	1009.0	1955.0	3062.0	4568.0	6534.0	10213.0	17179.0	29177.0	45361.0	67309.0	89335.0	120862.0	152863.0	198641.0	251376.0	326448.0	427215.0	593691.0	836569.0	1291720.0	2050344.0	3768347.0	8782283.0	2400481.0
	15.0	16.0	17.0	18.0	19.0	20.0	21.0	22.0	23.0	24.0	25.0	26.0	27.0	28.0	29.0	30.0	31.0	32.0	33.0	34.0	35.0	36.0	37.0
14_R_MM_S10_R1_001_val_1	1.0	2.0	16.0	33.0	125.0	458.0	1652.0	4433.0	10098.0	18397.0	36047.0	64357.0	105880.0	161187.0	241454.0	340755.0	480108.0	642589.0	879076.0	1267872.0	2735232.0	14645116.0	8456772.0
	9.0	10.0	11.0	12.0	13.0	14.0	15.0	16.0	17.0	18.0	19.0	20.0	21.0	22.0	23.0	24.0	25.0	26.0	27.0	28.0	29.0	30.0	31.0	32.0	33.0	34.0	35.0	36.0	37.0
14_R_MM_S10_R2_001_val_2	2.0	5.0	17.0	145.0	642.0	1802.0	3597.0	5478.0	7826.0	10710.0	15919.0	25020.0	41582.0	63157.0	92497.0	123819.0	166400.0	210559.0	276433.0	352500.0	465816.0	616982.0	865337.0	1225284.0	1887862.0	2975590.0	5380299.0	12104417.0	3171963.0
	16.0	17.0	18.0	19.0	20.0	21.0	22.0	23.0	24.0	25.0	26.0	27.0	28.0	29.0	30.0	31.0	32.0	33.0	34.0	35.0	36.0	37.0
15_HS_S4_R1_001_val_1	5.0	6.0	19.0	61.0	198.0	713.0	1956.0	4560.0	8498.0	16788.0	30275.0	49849.0	76322.0	113054.0	158694.0	220605.0	293522.0	400372.0	578681.0	1243786.0	6732511.0	3853550.0
	9.0	10.0	11.0	12.0	13.0	14.0	15.0	16.0	17.0	18.0	19.0	20.0	21.0	22.0	23.0	24.0	25.0	26.0	27.0	28.0	29.0	30.0	31.0	32.0	33.0	34.0	35.0	36.0	37.0
15_HS_S4_R2_001_val_2	1.0	0.0	16.0	69.0	306.0	856.0	1745.0	2613.0	3700.0	5044.0	7489.0	11590.0	19672.0	30092.0	44153.0	59373.0	78715.0	98624.0	127514.0	160540.0	209811.0	276384.0	388423.0	547210.0	835215.0	1312644.0	2386639.0	5664811.0	1510776.0
	14.0	15.0	16.0	17.0	18.0	19.0	20.0	21.0	22.0	23.0	24.0	25.0	26.0	27.0	28.0	29.0	30.0	31.0	32.0	33.0	34.0	35.0	36.0	37.0
15_P_SMR_S25_R1_001_val_1	1.0	2.0	2.0	13.0	36.0	114.0	378.0	1347.0	3631.0	8349.0	16331.0	32284.0	58265.0	96105.0	144647.0	212786.0	297064.0	413495.0	550513.0	749754.0	1085612.0	2353175.0	12534663.0	7081702.0
	10.0	11.0	12.0	13.0	14.0	15.0	16.0	17.0	18.0	19.0	20.0	21.0	22.0	23.0	24.0	25.0	26.0	27.0	28.0	29.0	30.0	31.0	32.0	33.0	34.0	35.0	36.0	37.0
15_P_SMR_S25_R2_001_val_2	4.0	20.0	133.0	611.0	1840.0	3471.0	5078.0	7248.0	9695.0	14237.0	21926.0	36464.0	55992.0	81267.0	108166.0	145071.0	182387.0	238595.0	305395.0	405342.0	536412.0	751740.0	1056975.0	1616725.0	2521082.0	4536088.0	10287120.0	2711185.0
	16.0	17.0	18.0	19.0	20.0	21.0	22.0	23.0	24.0	25.0	26.0	27.0	28.0	29.0	30.0	31.0	32.0	33.0	34.0	35.0	36.0	37.0
15_R_RN_S11_R1_001_val_1	3.0	10.0	28.0	92.0	298.0	1100.0	2899.0	6800.0	12729.0	24619.0	43825.0	72874.0	110590.0	168128.0	241239.0	346365.0	469586.0	650914.0	945830.0	2044160.0	11237766.0	6311324.0
	7.0	8.0	9.0	10.0	11.0	12.0	13.0	14.0	15.0	16.0	17.0	18.0	19.0	20.0	21.0	22.0	23.0	24.0	25.0	26.0	27.0	28.0	29.0	30.0	31.0	32.0	33.0	34.0	35.0	36.0	37.0
15_R_RN_S11_R2_001_val_2	1.0	0.0	0.0	1.0	23.0	103.0	559.0	1593.0	3293.0	5079.0	6885.0	9057.0	12830.0	19186.0	30414.0	45329.0	65408.0	87400.0	117730.0	149897.0	197025.0	253833.0	336569.0	448162.0	636887.0	908327.0	1408421.0	2237766.0	4087851.0	9273233.0	2348317.0
	17.0	18.0	19.0	20.0	21.0	22.0	23.0	24.0	25.0	26.0	27.0	28.0	29.0	30.0	31.0	32.0	33.0	34.0	35.0	36.0	37.0
16_HS_S5_R1_001_val_1	1.0	25.0	60.0	202.0	781.0	2131.0	4702.0	9110.0	17656.0	31585.0	52443.0	78719.0	117127.0	164335.0	230621.0	308155.0	417834.0	601006.0	1285674.0	6987093.0	3981107.0
	10.0	11.0	12.0	13.0	14.0	15.0	16.0	17.0	18.0	19.0	20.0	21.0	22.0	23.0	24.0	25.0	26.0	27.0	28.0	29.0	30.0	31.0	32.0	33.0	34.0	35.0	36.0	37.0
16_HS_S5_R2_001_val_2	1.0	11.0	65.0	274.0	822.0	1752.0	2512.0	3540.0	5022.0	7378.0	11726.0	19473.0	29915.0	43051.0	57293.0	77518.0	98309.0	128502.0	164938.0	218538.0	291386.0	409350.0	581804.0	896883.0	1415231.0	2559324.0	5774119.0	1491630.0
	15.0	16.0	17.0	18.0	19.0	20.0	21.0	22.0	23.0	24.0	25.0	26.0	27.0	28.0	29.0	30.0	31.0	32.0	33.0	34.0	35.0	36.0	37.0
16_P_CV_S26_R1_001_val_1	1.0	2.0	4.0	15.0	55.0	204.0	717.0	1773.0	4352.0	8737.0	17235.0	31432.0	52521.0	80012.0	118806.0	168254.0	236865.0	315532.0	431961.0	623661.0	1351563.0	7344533.0	3990674.0
	10.0	11.0	12.0	13.0	14.0	15.0	16.0	17.0	18.0	19.0	20.0	21.0	22.0	23.0	24.0	25.0	26.0	27.0	28.0	29.0	30.0	31.0	32.0	33.0	34.0	35.0	36.0	37.0
16_P_CV_S26_R2_001_val_2	2.0	16.0	78.0	316.0	932.0	1915.0	2827.0	4012.0	5189.0	7858.0	12003.0	19947.0	30128.0	44265.0	59109.0	78919.0	99423.0	129754.0	165894.0	219371.0	291472.0	411417.0	586313.0	910150.0	1442743.0	2637941.0	6049579.0	1567336.0
	15.0	16.0	17.0	18.0	19.0	20.0	21.0	22.0	23.0	24.0	25.0	26.0	27.0	28.0	29.0	30.0	31.0	32.0	33.0	34.0	35.0	36.0	37.0
16_R_TG_S12_R1_001_val_1	3.0	2.0	6.0	32.0	105.0	350.0	1289.0	3367.0	7813.0	14788.0	28980.0	51081.0	83964.0	125878.0	186736.0	260389.0	362300.0	483402.0	660136.0	953996.0	2048047.0	11119046.0	6458242.0
	6.0	7.0	8.0	9.0	10.0	11.0	12.0	13.0	14.0	15.0	16.0	17.0	18.0	19.0	20.0	21.0	22.0	23.0	24.0	25.0	26.0	27.0	28.0	29.0	30.0	31.0	32.0	33.0	34.0	35.0	36.0	37.0
16_R_TG_S12_R2_001_val_2	1.0	0.0	0.0	0.0	0.0	23.0	104.0	530.0	1587.0	2897.0	4409.0	6213.0	8301.0	12519.0	19550.0	32045.0	49277.0	72428.0	95842.0	128602.0	161413.0	209945.0	265820.0	351408.0	464285.0	650519.0	915565.0	1401314.0	2195734.0	3988392.0	9315139.0	2496090.0
	15.0	16.0	17.0	18.0	19.0	20.0	21.0	22.0	23.0	24.0	25.0	26.0	27.0	28.0	29.0	30.0	31.0	32.0	33.0	34.0	35.0	36.0	37.0
17_HS_S6_R1_001_val_1	1.0	0.0	7.0	34.0	115.0	374.0	1458.0	4023.0	9409.0	17011.0	32844.0	58085.0	96013.0	145850.0	215980.0	301389.0	421434.0	558693.0	761009.0	1094219.0	2374210.0	12583373.0	7099681.0
	8.0	9.0	10.0	11.0	12.0	13.0	14.0	15.0	16.0	17.0	18.0	19.0	20.0	21.0	22.0	23.0	24.0	25.0	26.0	27.0	28.0	29.0	30.0	31.0	32.0	33.0	34.0	35.0	36.0	37.0
17_HS_S6_R2_001_val_2	1.0	0.0	1.0	22.0	131.0	515.0	1727.0	3278.0	4865.0	7038.0	9372.0	13521.0	21255.0	35172.0	53366.0	77662.0	102540.0	138517.0	176279.0	231584.0	299623.0	396838.0	524946.0	733346.0	1037172.0	1589308.0	2500880.0	4525243.0	10448857.0	2842153.0
	15.0	16.0	17.0	18.0	19.0	20.0	21.0	22.0	23.0	24.0	25.0	26.0	27.0	28.0	29.0	30.0	31.0	32.0	33.0	34.0	35.0	36.0	37.0
17_P_FA_S27_R1_001_val_1	1.0	3.0	1.0	9.0	29.0	75.0	217.0	557.0	1433.0	3521.0	7958.0	15985.0	29667.0	49025.0	75639.0	106651.0	149881.0	198848.0	273513.0	405389.0	894437.0	5075646.0	2884215.0
	11.0	12.0	13.0	14.0	15.0	16.0	17.0	18.0	19.0	20.0	21.0	22.0	23.0	24.0	25.0	26.0	27.0	28.0	29.0	30.0	31.0	32.0	33.0	34.0	35.0	36.0	37.0
17_P_FA_S27_R2_001_val_2	13.0	68.0	309.0	903.0	1769.0	2498.0	3664.0	5011.0	7261.0	11286.0	18018.0	26497.0	38748.0	51236.0	68156.0	85227.0	108681.0	134890.0	173936.0	224024.0	304558.0	418593.0	625736.0	963130.0	1724707.0	4034434.0	1139347.0
	16.0	17.0	18.0	19.0	20.0	21.0	22.0	23.0	24.0	25.0	26.0	27.0	28.0	29.0	30.0	31.0	32.0	33.0	34.0	35.0	36.0	37.0
17_R_SN_S13_R1_001_val_1	1.0	7.0	23.0	94.0	334.0	1164.0	2956.0	6341.0	11964.0	23108.0	41111.0	67742.0	102719.0	152849.0	216795.0	305187.0	407428.0	558667.0	804836.0	1718612.0	9354033.0	5460443.0
	9.0	10.0	11.0	12.0	13.0	14.0	15.0	16.0	17.0	18.0	19.0	20.0	21.0	22.0	23.0	24.0	25.0	26.0	27.0	28.0	29.0	30.0	31.0	32.0	33.0	34.0	35.0	36.0	37.0
17_R_SN_S13_R2_001_val_2	1.0	0.0	20.0	94.0	462.0	1473.0	2869.0	4224.0	5766.0	7541.0	11157.0	16354.0	26794.0	40052.0	58613.0	77450.0	104730.0	132921.0	173955.0	222371.0	290766.0	384126.0	537731.0	760079.0	1165379.0	1842880.0	3364592.0	7879661.0	2124353.0
	15.0	16.0	17.0	18.0	19.0	20.0	21.0	22.0	23.0	24.0	25.0	26.0	27.0	28.0	29.0	30.0	31.0	32.0	33.0	34.0	35.0	36.0	37.0
18_HS_S7_R1_001_val_1	1.0	3.0	3.0	15.0	90.0	294.0	1078.0	2999.0	6799.0	11859.0	22992.0	40723.0	67121.0	103500.0	155075.0	218132.0	308782.0	414073.0	563653.0	804826.0	1716691.0	9418023.0	5590467.0
	6.0	7.0	8.0	9.0	10.0	11.0	12.0	13.0	14.0	15.0	16.0	17.0	18.0	19.0	20.0	21.0	22.0	23.0	24.0	25.0	26.0	27.0	28.0	29.0	30.0	31.0	32.0	33.0	34.0	35.0	36.0	37.0
18_HS_S7_R2_001_val_2	1.0	0.0	0.0	2.0	3.0	13.0	73.0	336.0	971.0	1931.0	3112.0	4485.0	6313.0	9181.0	14590.0	24078.0	37044.0	54604.0	72948.0	98869.0	125883.0	166402.0	212641.0	280073.0	370631.0	522898.0	743776.0	1156074.0	1849527.0	3424494.0	8098062.0	2168184.0
	16.0	17.0	18.0	19.0	20.0	21.0	22.0	23.0	24.0	25.0	26.0	27.0	28.0	29.0	30.0	31.0	32.0	33.0	34.0	35.0	36.0	37.0
18_P_CD_S28_R1_001_val_1	3.0	7.0	22.0	55.0	191.0	569.0	1579.0	3986.0	8828.0	19319.0	36082.0	62669.0	99547.0	150580.0	212225.0	296014.0	389195.0	529062.0	764456.0	1631337.0	8700963.0	4905083.0
	11.0	12.0	13.0	14.0	15.0	16.0	17.0	18.0	19.0	20.0	21.0	22.0	23.0	24.0	25.0	26.0	27.0	28.0	29.0	30.0	31.0	32.0	33.0	34.0	35.0	36.0	37.0
18_P_CD_S28_R2_001_val_2	25.0	87.0	431.0	1263.0	2409.0	3653.0	5124.0	7098.0	10515.0	16634.0	27632.0	42411.0	61813.0	82484.0	110456.0	139196.0	180520.0	226201.0	297547.0	389952.0	540735.0	751859.0	1135754.0	1755870.0	3131012.0	7053466.0	1837625.0
	16.0	17.0	18.0	19.0	20.0	21.0	22.0	23.0	24.0	25.0	26.0	27.0	28.0	29.0	30.0	31.0	32.0	33.0	34.0	35.0	36.0	37.0
18_R_GS_S14_R1_001_val_1	2.0	10.0	17.0	44.0	213.0	787.0	2138.0	4918.0	9080.0	17950.0	31579.0	52230.0	79230.0	118111.0	166516.0	233762.0	311441.0	425888.0	612489.0	1320375.0	7088057.0	4049631.0
	9.0	10.0	11.0	12.0	13.0	14.0	15.0	16.0	17.0	18.0	19.0	20.0	21.0	22.0	23.0	24.0	25.0	26.0	27.0	28.0	29.0	30.0	31.0	32.0	33.0	34.0	35.0	36.0	37.0
18_R_GS_S14_R2_001_val_2	1.0	0.0	23.0	115.0	554.0	1541.0	2635.0	3785.0	5224.0	6724.0	9341.0	13895.0	21982.0	32970.0	47723.0	62600.0	83582.0	103474.0	133785.0	167690.0	219782.0	288625.0	401078.0	566099.0	869806.0	1372897.0	2521523.0	5981035.0	1605979.0
	16.0	17.0	18.0	19.0	20.0	21.0	22.0	23.0	24.0	25.0	26.0	27.0	28.0	29.0	30.0	31.0	32.0	33.0	34.0	35.0	36.0	37.0
19_P_CS_S29_R1_001_val_1	1.0	7.0	21.0	83.0	269.0	814.0	2484.0	5835.0	11277.0	22510.0	40794.0	68492.0	105926.0	159649.0	225643.0	318356.0	424780.0	583320.0	849302.0	1861754.0	9807650.0	5225674.0
	6.0	7.0	8.0	9.0	10.0	11.0	12.0	13.0	14.0	15.0	16.0	17.0	18.0	19.0	20.0	21.0	22.0	23.0	24.0	25.0	26.0	27.0	28.0	29.0	30.0	31.0	32.0	33.0	34.0	35.0	36.0	37.0
19_P_CS_S29_R2_001_val_2	1.0	0.0	0.0	1.0	0.0	10.0	69.0	372.0	1103.0	2220.0	3488.0	4972.0	6730.0	10039.0	15786.0	25888.0	39617.0	57973.0	77342.0	103052.0	132298.0	174461.0	224556.0	297607.0	397432.0	560929.0	800336.0	1235184.0	1950358.0	3556890.0	8044498.0	1991429.0
	15.0	16.0	17.0	18.0	19.0	20.0	21.0	22.0	23.0	24.0	25.0	26.0	27.0	28.0	29.0	30.0	31.0	32.0	33.0	34.0	35.0	36.0	37.0
19_R_AG_S15_R1_001_val_1	3.0	3.0	9.0	14.0	59.0	232.0	682.0	1863.0	4295.0	8486.0	17062.0	31007.0	51519.0	79197.0	117963.0	166782.0	233475.0	310794.0	421011.0	604584.0	1299240.0	6881440.0	3989083.0
	10.0	11.0	12.0	13.0	14.0	15.0	16.0	17.0	18.0	19.0	20.0	21.0	22.0	23.0	24.0	25.0	26.0	27.0	28.0	29.0	30.0	31.0	32.0	33.0	34.0	35.0	36.0	37.0
19_R_AG_S15_R2_001_val_2	3.0	11.0	73.0	358.0	960.0	1838.0	2833.0	3887.0	5410.0	7872.0	12391.0	20109.0	31123.0	44902.0	59689.0	80484.0	101415.0	132680.0	168477.0	221048.0	289018.0	402373.0	563945.0	859967.0	1346949.0	2447516.0	5829208.0	1584264.0
	14.0	15.0	16.0	17.0	18.0	19.0	20.0	21.0	22.0	23.0	24.0	25.0	26.0	27.0	28.0	29.0	30.0	31.0	32.0	33.0	34.0	35.0
1AF_S1_R1_001_val_1	2.0	7.0	3.0	13.0	53.0	334.0	1649.0	7057.0	21415.0	49062.0	86945.0	132510.0	191021.0	276027.0	401876.0	576633.0	806306.0	1097345.0	1516052.0	2252128.0	4437979.0	18231264.0
	2.0	3.0	4.0	5.0	6.0	7.0	8.0	9.0	10.0	11.0	12.0	13.0	14.0	15.0	16.0	17.0	18.0	19.0	20.0	21.0	22.0	23.0	24.0	25.0	26.0	27.0	28.0	29.0	30.0	31.0	32.0	33.0	34.0	35.0
1AF_S1_R2_001_val_2	390.0	981.0	1536.0	1752.0	1627.0	1538.0	1377.0	1214.0	1101.0	972.0	902.0	852.0	878.0	1407.0	4295.0	12479.0	27868.0	51837.0	91300.0	134253.0	168810.0	203462.0	249029.0	310430.0	395606.0	507661.0	650461.0	835903.0	1098046.0	1501236.0	2225887.0	3830694.0	8054364.0	9715533.0
	14.0	15.0	16.0	17.0	18.0	19.0	20.0	21.0	22.0	23.0	24.0	25.0	26.0	27.0	28.0	29.0	30.0	31.0	32.0	33.0	34.0	35.0
1HS_S6_R1_001_val_1	1.0	3.0	2.0	9.0	35.0	145.0	780.0	3127.0	10281.0	25934.0	50962.0	84951.0	132875.0	203336.0	307456.0	453228.0	639043.0	882126.0	1232664.0	1840796.0	3646025.0	15212158.0
	2.0	3.0	4.0	5.0	6.0	7.0	8.0	9.0	10.0	11.0	12.0	13.0	14.0	15.0	16.0	17.0	18.0	19.0	20.0	21.0	22.0	23.0	24.0	25.0	26.0	27.0	28.0	29.0	30.0	31.0	32.0	33.0	34.0	35.0
1HS_S6_R2_001_val_2	294.0	735.0	1205.0	1438.0	1398.0	1292.0	1138.0	1057.0	887.0	849.0	698.0	715.0	701.0	1098.0	3175.0	7801.0	17007.0	32902.0	61215.0	93104.0	118200.0	146854.0	180139.0	228709.0	295721.0	384989.0	498784.0	648422.0	853965.0	1170041.0	1732974.0	2974950.0	6449982.0	8813498.0
	16.0	17.0	18.0	19.0	20.0	21.0	22.0	23.0	24.0	25.0	26.0	27.0	28.0	29.0	30.0	31.0	32.0	33.0	34.0	35.0
1MRLA_S9_R1_001_val_1	1.0	5.0	58.0	549.0	3714.0	16229.0	47417.0	102789.0	173705.0	254307.0	342732.0	459159.0	622887.0	846721.0	1140291.0	1520170.0	2047490.0	2901853.0	5029949.0	9302006.0
	8.0	9.0	10.0	11.0	12.0	13.0	14.0	15.0	16.0	17.0	18.0	19.0	20.0	21.0	22.0	23.0	24.0	25.0	26.0	27.0	28.0	29.0	30.0	31.0	32.0	33.0	34.0	35.0
1MRLA_S9_R2_001_val_2	1.0	0.0	2.0	2.0	5.0	13.0	38.0	511.0	3620.0	12924.0	29420.0	55344.0	97328.0	144329.0	183016.0	219591.0	261458.0	323731.0	412046.0	534073.0	701590.0	932171.0	1265093.0	1776103.0	2635847.0	4187932.0	6625383.0	4410461.0
	17.0	18.0	19.0	20.0	21.0	22.0	23.0	24.0	25.0	26.0	27.0	28.0	29.0	30.0	31.0	32.0	33.0	34.0	35.0
1PEM_S1_R1_001_val_1	3.0	44.0	444.0	2847.0	12392.0	36136.0	78735.0	134884.0	196157.0	264795.0	356764.0	485166.0	663222.0	895740.0	1199197.0	1622086.0	2315007.0	4049175.0	7610723.0
	8.0	9.0	10.0	11.0	12.0	13.0	14.0	15.0	16.0	17.0	18.0	19.0	20.0	21.0	22.0	23.0	24.0	25.0	26.0	27.0	28.0	29.0	30.0	31.0	32.0	33.0	34.0	35.0
1PEM_S1_R2_001_val_2	2.0	0.0	3.0	2.0	3.0	7.0	23.0	433.0	2992.0	10176.0	23389.0	43693.0	77407.0	114834.0	144948.0	174214.0	207520.0	257373.0	328759.0	429052.0	563727.0	749738.0	1019381.0	1433510.0	2134475.0	3390749.0	5329606.0	3487501.0
	17.0	18.0	19.0	20.0	21.0	22.0	23.0	24.0	25.0	26.0	27.0	28.0	29.0	30.0	31.0	32.0	33.0	34.0	35.0
1RDAS_S11_R1_001_val_1	5.0	36.0	482.0	3206.0	13606.0	41637.0	89321.0	152545.0	220339.0	297791.0	402079.0	551286.0	758625.0	1036311.0	1393099.0	1882490.0	2670593.0	4592770.0	8562398.0
	8.0	9.0	10.0	11.0	12.0	13.0	14.0	15.0	16.0	17.0	18.0	19.0	20.0	21.0	22.0	23.0	24.0	25.0	26.0	27.0	28.0	29.0	30.0	31.0	32.0	33.0	34.0	35.0
1RDAS_S11_R2_001_val_2	1.0	0.0	1.0	4.0	11.0	4.0	21.0	493.0	3753.0	12520.0	28046.0	51138.0	87194.0	127157.0	158188.0	187100.0	225716.0	278256.0	359633.0	473326.0	624480.0	835115.0	1139379.0	1609618.0	2393512.0	3817660.0	6087603.0	4168690.0
	15.0	16.0	17.0	18.0	19.0	20.0	21.0	22.0	23.0	24.0	25.0	26.0	27.0	28.0	29.0	30.0	31.0	32.0	33.0	34.0	35.0	36.0	37.0
20_P_ES_S30_R1_001_val_1	1.0	2.0	7.0	22.0	35.0	174.0	582.0	1535.0	3845.0	8642.0	18591.0	34747.0	59931.0	94719.0	143895.0	204365.0	286553.0	380681.0	523492.0	760371.0	1637283.0	8788451.0	4944824.0
	11.0	12.0	13.0	14.0	15.0	16.0	17.0	18.0	19.0	20.0	21.0	22.0	23.0	24.0	25.0	26.0	27.0	28.0	29.0	30.0	31.0	32.0	33.0	34.0	35.0	36.0	37.0
20_P_ES_S30_R2_001_val_2	15.0	97.0	498.0	1307.0	2477.0	3932.0	5191.0	7324.0	10475.0	16327.0	26623.0	40771.0	58438.0	77802.0	103234.0	129159.0	167318.0	212015.0	279972.0	369130.0	514017.0	721330.0	1098132.0	1713706.0	3102857.0	7257919.0	1972682.0
	16.0	17.0	18.0	19.0	20.0	21.0	22.0	23.0	24.0	25.0	26.0	27.0	28.0	29.0	30.0	31.0	32.0	33.0	34.0	35.0	36.0	37.0
21_P_ME_S31_R1_001_val_1	1.0	7.0	29.0	77.0	333.0	1136.0	3035.0	6673.0	13144.0	26666.0	48250.0	81469.0	125794.0	189918.0	267595.0	377508.0	502052.0	688098.0	989927.0	2125436.0	11444979.0	6473692.0
	9.0	10.0	11.0	12.0	13.0	14.0	15.0	16.0	17.0	18.0	19.0	20.0	21.0	22.0	23.0	24.0	25.0	26.0	27.0	28.0	29.0	30.0	31.0	32.0	33.0	34.0	35.0	36.0	37.0
21_P_ME_S31_R2_001_val_2	2.0	4.0	31.0	135.0	593.0	1700.0	3350.0	4943.0	7041.0	9256.0	13522.0	20400.0	32986.0	49873.0	72022.0	95118.0	127305.0	162281.0	211595.0	270303.0	355496.0	468898.0	659842.0	935481.0	1439404.0	2270767.0	4139333.0	9529108.0	2485030.0
	15.0	16.0	17.0	18.0	19.0	20.0	21.0	22.0	23.0	24.0	25.0	26.0	27.0	28.0	29.0	30.0	31.0	32.0	33.0	34.0	35.0	36.0	37.0
22_P_CE_S32_R1_001_val_1	2.0	1.0	9.0	24.0	92.0	295.0	1100.0	2890.0	6533.0	13000.0	25386.0	45929.0	76459.0	115509.0	169319.0	235570.0	327872.0	433880.0	595287.0	863916.0	1838262.0	10038492.0	5881228.0
	10.0	11.0	12.0	13.0	14.0	15.0	16.0	17.0	18.0	19.0	20.0	21.0	22.0	23.0	24.0	25.0	26.0	27.0	28.0	29.0	30.0	31.0	32.0	33.0	34.0	35.0	36.0	37.0
22_P_CE_S32_R2_001_val_2	3.0	15.0	95.0	445.0	1315.0	2576.0	3941.0	5450.0	7597.0	11340.0	18282.0	30078.0	46937.0	67589.0	88774.0	117990.0	147462.0	190242.0	241212.0	315978.0	415615.0	579143.0	813854.0	1243155.0	1949147.0	3547255.0	8483968.0	2341597.0
	16.0	17.0	18.0	19.0	20.0	21.0	22.0	23.0	24.0	25.0	26.0	27.0	28.0	29.0	30.0	31.0	32.0	33.0	34.0	35.0	36.0	37.0
23_P_FA_S33_R1_001_val_1	7.0	8.0	22.0	81.0	277.0	970.0	2583.0	5880.0	11529.0	23697.0	42943.0	73487.0	113409.0	169523.0	241218.0	337461.0	451300.0	617121.0	889841.0	1902145.0	10335183.0	5808436.0
	9.0	10.0	11.0	12.0	13.0	14.0	15.0	16.0	17.0	18.0	19.0	20.0	21.0	22.0	23.0	24.0	25.0	26.0	27.0	28.0	29.0	30.0	31.0	32.0	33.0	34.0	35.0	36.0	37.0
23_P_FA_S33_R2_001_val_2	2.0	2.0	21.0	122.0	603.0	1765.0	3288.0	4931.0	6769.0	9018.0	12846.0	19830.0	31756.0	48359.0	70377.0	93299.0	123805.0	156618.0	202011.0	258190.0	341482.0	454389.0	638038.0	902008.0	1377918.0	2142293.0	3804924.0	8237905.0	2084552.0
	14.0	15.0	16.0	17.0	18.0	19.0	20.0	21.0	22.0	23.0	24.0	25.0	26.0	27.0	28.0	29.0	30.0	31.0	32.0	33.0	34.0	35.0
2AF_S2_R1_001_val_1	2.0	10.0	8.0	15.0	32.0	178.0	860.0	3320.0	11263.0	27917.0	55853.0	92680.0	144971.0	223418.0	338378.0	499163.0	711462.0	981901.0	1372716.0	2046297.0	4051798.0	17016417.0
	2.0	3.0	4.0	5.0	6.0	7.0	8.0	9.0	10.0	11.0	12.0	13.0	14.0	15.0	16.0	17.0	18.0	19.0	20.0	21.0	22.0	23.0	24.0	25.0	26.0	27.0	28.0	29.0	30.0	31.0	32.0	33.0	34.0	35.0
2AF_S2_R2_001_val_2	337.0	899.0	1420.0	1593.0	1512.0	1466.0	1292.0	1148.0	1005.0	904.0	808.0	759.0	771.0	1404.0	3907.0	9894.0	20666.0	38341.0	71705.0	109322.0	139317.0	172177.0	213609.0	270255.0	349460.0	454309.0	588165.0	763772.0	1004247.0	1377665.0	2038719.0	3510424.0	7396693.0	9030694.0
	13.0	14.0	15.0	16.0	17.0	18.0	19.0	20.0	21.0	22.0	23.0	24.0	25.0	26.0	27.0	28.0	29.0	30.0	31.0	32.0	33.0	34.0	35.0
2HS_S7_R1_001_val_1	1.0	2.0	7.0	3.0	10.0	46.0	273.0	1285.0	5540.0	17485.0	39723.0	72455.0	112924.0	166206.0	245132.0	359629.0	517649.0	725357.0	987471.0	1365135.0	2033600.0	4005125.0	16509903.0
	2.0	3.0	4.0	5.0	6.0	7.0	8.0	9.0	10.0	11.0	12.0	13.0	14.0	15.0	16.0	17.0	18.0	19.0	20.0	21.0	22.0	23.0	24.0	25.0	26.0	27.0	28.0	29.0	30.0	31.0	32.0	33.0	34.0	35.0
2HS_S7_R2_001_val_2	292.0	863.0	1391.0	1545.0	1532.0	1419.0	1289.0	1146.0	1004.0	887.0	809.0	762.0	734.0	1298.0	3711.0	10756.0	23704.0	44046.0	77918.0	115415.0	146199.0	175655.0	215346.0	269709.0	345547.0	445085.0	576253.0	744522.0	977042.0	1343187.0	1995372.0	3439296.0	7286642.0	8914585.0
	17.0	18.0	19.0	20.0	21.0	22.0	23.0	24.0	25.0	26.0	27.0	28.0	29.0	30.0	31.0	32.0	33.0	34.0	35.0
2MRPF_S10_R1_001_val_1	5.0	56.0	519.0	3226.0	14015.0	41633.0	91025.0	154822.0	222187.0	295680.0	389887.0	522506.0	713075.0	969010.0	1299753.0	1767382.0	2544395.0	4486808.0	8469621.0
	10.0	11.0	12.0	13.0	14.0	15.0	16.0	17.0	18.0	19.0	20.0	21.0	22.0	23.0	24.0	25.0	26.0	27.0	28.0	29.0	30.0	31.0	32.0	33.0	34.0	35.0
2MRPF_S10_R2_001_val_2	1.0	2.0	4.0	7.0	33.0	448.0	3184.0	11100.0	26215.0	50865.0	89978.0	133771.0	166925.0	195878.0	226829.0	274846.0	346608.0	447413.0	586323.0	781570.0	1071027.0	1520797.0	2281868.0	3684804.0	5958120.0	4126989.0
	16.0	17.0	18.0	19.0	20.0	21.0	22.0	23.0	24.0	25.0	26.0	27.0	28.0	29.0	30.0	31.0	32.0	33.0	34.0	35.0
2PSL_S2_R1_001_val_1	2.0	8.0	29.0	448.0	2832.0	11995.0	35566.0	76590.0	131524.0	194261.0	265966.0	360092.0	494000.0	677200.0	917130.0	1231281.0	1672266.0	2401632.0	4272474.0	8515620.0
	10.0	11.0	12.0	13.0	14.0	15.0	16.0	17.0	18.0	19.0	20.0	21.0	22.0	23.0	24.0	25.0	26.0	27.0	28.0	29.0	30.0	31.0	32.0	33.0	34.0	35.0
2PSL_S2_R2_001_val_2	1.0	3.0	5.0	6.0	25.0	515.0	3340.0	10911.0	25056.0	46213.0	80910.0	118947.0	152418.0	183972.0	220164.0	273905.0	350314.0	455262.0	595793.0	786506.0	1064852.0	1488623.0	2204811.0	3518719.0	5684829.0	3994816.0
	17.0	18.0	19.0	20.0	21.0	22.0	23.0	24.0	25.0	26.0	27.0	28.0	29.0	30.0	31.0	32.0	33.0	34.0	35.0
2RDAM_S12_R1_001_val_1	5.0	43.0	470.0	3111.0	13715.0	40550.0	89128.0	153100.0	223991.0	302728.0	405090.0	549878.0	746723.0	1006326.0	1343810.0	1814130.0	2584863.0	4512428.0	8438991.0
	7.0	8.0	9.0	10.0	11.0	12.0	13.0	14.0	15.0	16.0	17.0	18.0	19.0	20.0	21.0	22.0	23.0	24.0	25.0	26.0	27.0	28.0	29.0	30.0	31.0	32.0	33.0	34.0	35.0
2RDAM_S12_R2_001_val_2	1.0	0.0	1.0	2.0	3.0	4.0	6.0	16.0	493.0	3408.0	11649.0	26760.0	50662.0	88140.0	130081.0	164007.0	195055.0	232105.0	284191.0	361258.0	467866.0	614254.0	816294.0	1110022.0	1564580.0	2327945.0	3713668.0	5963100.0	4103509.0
	14.0	15.0	16.0	17.0	18.0	19.0	20.0	21.0	22.0	23.0	24.0	25.0	26.0	27.0	28.0	29.0	30.0	31.0	32.0	33.0	34.0	35.0
3HS_S8_R1_001_val_1	1.0	3.0	3.0	6.0	35.0	138.0	706.0	3083.0	10132.0	25454.0	49581.0	82670.0	127277.0	192802.0	289706.0	424091.0	599110.0	822860.0	1146047.0	1706701.0	3369921.0	14341809.0
	2.0	3.0	4.0	5.0	6.0	7.0	8.0	9.0	10.0	11.0	12.0	13.0	14.0	15.0	16.0	17.0	18.0	19.0	20.0	21.0	22.0	23.0	24.0	25.0	26.0	27.0	28.0	29.0	30.0	31.0	32.0	33.0	34.0	35.0
3HS_S8_R2_001_val_2	273.0	772.0	1235.0	1350.0	1281.0	1146.0	1060.0	966.0	859.0	728.0	690.0	636.0	630.0	1107.0	2851.0	7485.0	16322.0	31664.0	59284.0	91211.0	117045.0	144465.0	179976.0	228923.0	296564.0	383853.0	495900.0	640171.0	838365.0	1141762.0	1682812.0	2878183.0	6135735.0	7806832.0
	17.0	18.0	19.0	20.0	21.0	22.0	23.0	24.0	25.0	26.0	27.0	28.0	29.0	30.0	31.0	32.0	33.0	34.0	35.0
3PDR_S3_R1_001_val_1	1.0	44.0	497.0	3160.0	14057.0	41539.0	89337.0	151919.0	221124.0	298660.0	405704.0	556085.0	767985.0	1049964.0	1419718.0	1930991.0	2772750.0	4879929.0	9308115.0
	8.0	9.0	10.0	11.0	12.0	13.0	14.0	15.0	16.0	17.0	18.0	19.0	20.0	21.0	22.0	23.0	24.0	25.0	26.0	27.0	28.0	29.0	30.0	31.0	32.0	33.0	34.0	35.0
3PDR_S3_R2_001_val_2	1.0	1.0	1.0	4.0	2.0	8.0	48.0	595.0	4236.0	13869.0	30303.0	54084.0	92851.0	134270.0	168558.0	201194.0	240540.0	298481.0	383365.0	503852.0	665483.0	889877.0	1211135.0	1704836.0	2527303.0	4009478.0	6382928.0	4394276.0
	17.0	18.0	19.0	20.0	21.0	22.0	23.0	24.0	25.0	26.0	27.0	28.0	29.0	30.0	31.0	32.0	33.0	34.0	35.0
3RAM_S13_R1_001_val_1	3.0	50.0	503.0	3329.0	14933.0	43571.0	94245.0	158482.0	228382.0	307875.0	411383.0	561572.0	770511.0	1043659.0	1398492.0	1889311.0	2691597.0	4706190.0	9057335.0
	6.0	7.0	8.0	9.0	10.0	11.0	12.0	13.0	14.0	15.0	16.0	17.0	18.0	19.0	20.0	21.0	22.0	23.0	24.0	25.0	26.0	27.0	28.0	29.0	30.0	31.0	32.0	33.0	34.0	35.0
3RAM_S13_R2_001_val_2	1.0	0.0	1.0	1.0	2.0	3.0	4.0	11.0	29.0	483.0	3703.0	12609.0	28299.0	52894.0	92014.0	135009.0	170364.0	204749.0	245346.0	303661.0	389551.0	510602.0	668196.0	887069.0	1199110.0	1678455.0	2480568.0	3921266.0	6210324.0	4187099.0
	14.0	15.0	16.0	17.0	18.0	19.0	20.0	21.0	22.0	23.0	24.0	25.0	26.0	27.0	28.0	29.0	30.0	31.0	32.0	33.0	34.0	35.0	36.0	37.0
3_MR_MF_S16_R1_001_val_1	1.0	0.0	0.0	4.0	27.0	93.0	330.0	1239.0	3217.0	7135.0	13383.0	26530.0	47881.0	78341.0	118905.0	177729.0	248313.0	347044.0	460538.0	628821.0	900080.0	1937199.0	10420002.0	5808352.0
	9.0	10.0	11.0	12.0	13.0	14.0	15.0	16.0	17.0	18.0	19.0	20.0	21.0	22.0	23.0	24.0	25.0	26.0	27.0	28.0	29.0	30.0	31.0	32.0	33.0	34.0	35.0	36.0	37.0
3_MR_MF_S16_R2_001_val_2	2.0	2.0	13.0	78.0	441.0	1207.0	2411.0	3640.0	5227.0	7118.0	10801.0	17126.0	28852.0	44283.0	65126.0	86864.0	116687.0	147628.0	192874.0	245552.0	322680.0	428862.0	599633.0	846409.0	1299128.0	2037701.0	3697086.0	8636386.0	2381347.0
	13.0	14.0	15.0	16.0	17.0	18.0	19.0	20.0	21.0	22.0	23.0	24.0	25.0	26.0	27.0	28.0	29.0	30.0	31.0	32.0	33.0	34.0	35.0
4AF_S4_R1_001_val_1	1.0	4.0	4.0	4.0	16.0	38.0	184.0	925.0	3869.0	12968.0	31376.0	60500.0	100608.0	154435.0	233567.0	349579.0	506069.0	706004.0	964147.0	1335777.0	1979529.0	3899039.0	15795713.0
	2.0	3.0	4.0	5.0	6.0	7.0	8.0	9.0	10.0	11.0	12.0	13.0	14.0	15.0	16.0	17.0	18.0	19.0	20.0	21.0	22.0	23.0	24.0	25.0	26.0	27.0	28.0	29.0	30.0	31.0	32.0	33.0	34.0	35.0
4AF_S4_R2_001_val_2	341.0	869.0	1414.0	1513.0	1397.0	1338.0	1291.0	1064.0	955.0	855.0	790.0	751.0	709.0	1082.0	3044.0	8094.0	18187.0	35522.0	67078.0	103298.0	134459.0	165909.0	205641.0	258829.0	332926.0	431993.0	558046.0	721892.0	949127.0	1299701.0	1929618.0	3321229.0	7025151.0	8550243.0
	14.0	15.0	16.0	17.0	18.0	19.0	20.0	21.0	22.0	23.0	24.0	25.0	26.0	27.0	28.0	29.0	30.0	31.0	32.0	33.0	34.0	35.0
4HS_S9_R1_001_val_1	2.0	3.0	5.0	13.0	42.0	189.0	958.0	4100.0	13531.0	33910.0	65047.0	106871.0	163415.0	247180.0	370903.0	540285.0	757861.0	1034637.0	1434759.0	2127911.0	4173533.0	17191125.0
	2.0	3.0	4.0	5.0	6.0	7.0	8.0	9.0	10.0	11.0	12.0	13.0	14.0	15.0	16.0	17.0	18.0	19.0	20.0	21.0	22.0	23.0	24.0	25.0	26.0	27.0	28.0	29.0	30.0	31.0	32.0	33.0	34.0	35.0
4HS_S9_R2_001_val_2	333.0	944.0	1405.0	1602.0	1571.0	1470.0	1382.0	1095.0	1061.0	904.0	839.0	788.0	782.0	1322.0	3383.0	9297.0	19914.0	39117.0	73067.0	112243.0	145598.0	181848.0	225107.0	286205.0	370007.0	480102.0	620555.0	798549.0	1048149.0	1429620.0	2111101.0	3606704.0	7550882.0	9139334.0
	17.0	18.0	19.0	20.0	21.0	22.0	23.0	24.0	25.0	26.0	27.0	28.0	29.0	30.0	31.0	32.0	33.0	34.0	35.0
4PSR_S4_R1_001_val_1	3.0	43.0	568.0	3653.0	15217.0	45344.0	98472.0	165736.0	239323.0	321655.0	426796.0	574906.0	784460.0	1053349.0	1408018.0	1898344.0	2710461.0	4748782.0	9098353.0
	10.0	11.0	12.0	13.0	14.0	15.0	16.0	17.0	18.0	19.0	20.0	21.0	22.0	23.0	24.0	25.0	26.0	27.0	28.0	29.0	30.0	31.0	32.0	33.0	34.0	35.0
4PSR_S4_R2_001_val_2	2.0	3.0	4.0	12.0	48.0	617.0	4279.0	14189.0	31378.0	57459.0	99423.0	144678.0	181304.0	215356.0	255722.0	311689.0	395681.0	511067.0	667473.0	879742.0	1188366.0	1663424.0	2458805.0	3897807.0	6253626.0	4361329.0
	17.0	18.0	19.0	20.0	21.0	22.0	23.0	24.0	25.0	26.0	27.0	28.0	29.0	30.0	31.0	32.0	33.0	34.0	35.0
4RRS_S14_R1_001_val_1	6.0	51.0	487.0	3169.0	13418.0	39316.0	83962.0	141238.0	202881.0	273514.0	366904.0	500569.0	685345.0	926707.0	1241745.0	1677985.0	2387563.0	4159277.0	7830676.0
	8.0	9.0	10.0	11.0	12.0	13.0	14.0	15.0	16.0	17.0	18.0	19.0	20.0	21.0	22.0	23.0	24.0	25.0	26.0	27.0	28.0	29.0	30.0	31.0	32.0	33.0	34.0	35.0
4RRS_S14_R2_001_val_2	1.0	0.0	2.0	3.0	7.0	7.0	17.0	514.0	3512.0	11768.0	26408.0	48671.0	83007.0	120312.0	150904.0	179856.0	214677.0	266758.0	341713.0	444914.0	584454.0	776533.0	1051500.0	1472279.0	2169530.0	3423639.0	5433962.0	3729865.0
	15.0	16.0	17.0	18.0	19.0	20.0	21.0	22.0	23.0	24.0	25.0	26.0	27.0	28.0	29.0	30.0	31.0	32.0	33.0	34.0	35.0	36.0	37.0
4_MR_CL_S17_R1_001_val_1	1.0	4.0	13.0	26.0	130.0	430.0	1429.0	3750.0	8676.0	16769.0	34208.0	60614.0	100980.0	156199.0	235906.0	336036.0	479498.0	645500.0	888339.0	1294793.0	2810609.0	15361052.0	8335562.0
	8.0	9.0	10.0	11.0	12.0	13.0	14.0	15.0	16.0	17.0	18.0	19.0	20.0	21.0	22.0	23.0	24.0	25.0	26.0	27.0	28.0	29.0	30.0	31.0	32.0	33.0	34.0	35.0	36.0	37.0
4_MR_CL_S17_R2_001_val_2	3.0	1.0	3.0	20.0	153.0	612.0	1790.0	3852.0	6017.0	8304.0	11264.0	16519.0	25381.0	40849.0	61979.0	90120.0	119382.0	159480.0	201179.0	264580.0	339973.0	456129.0	611258.0	868790.0	1242914.0	1929739.0	3066969.0	5599459.0	12530252.0	3113553.0
	14.0	15.0	16.0	17.0	18.0	19.0	20.0	21.0	22.0	23.0	24.0	25.0	26.0	27.0	28.0	29.0	30.0	31.0	32.0	33.0	34.0	35.0
5AF_S5_R1_001_val_1	3.0	4.0	3.0	19.0	40.0	189.0	837.0	3724.0	12394.0	29903.0	55347.0	87654.0	129425.0	191294.0	283354.0	413951.0	582455.0	799185.0	1118640.0	1674849.0	3322713.0	13727984.0
	2.0	3.0	4.0	5.0	6.0	7.0	8.0	9.0	10.0	11.0	12.0	13.0	14.0	15.0	16.0	17.0	18.0	19.0	20.0	21.0	22.0	23.0	24.0	25.0	26.0	27.0	28.0	29.0	30.0	31.0	32.0	33.0	34.0	35.0
5AF_S5_R2_001_val_2	255.0	682.0	1175.0	1326.0	1233.0	1148.0	1020.0	897.0	841.0	733.0	620.0	656.0	683.0	991.0	2730.0	7617.0	17226.0	33045.0	60151.0	90414.0	114667.0	139436.0	169095.0	212755.0	273989.0	355593.0	463004.0	602841.0	797727.0	1098305.0	1645073.0	2860961.0	6077097.0	7399981.0
	14.0	15.0	16.0	17.0	18.0	19.0	20.0	21.0	22.0	23.0	24.0	25.0	26.0	27.0	28.0	29.0	30.0	31.0	32.0	33.0	34.0	35.0
5HS_S10_R1_001_val_1	4.0	3.0	3.0	9.0	42.0	154.0	819.0	3442.0	11670.0	28364.0	55427.0	93019.0	143968.0	219134.0	328515.0	479270.0	673399.0	922135.0	1283182.0	1906275.0	3766445.0	15439332.0
	2.0	3.0	4.0	5.0	6.0	7.0	8.0	9.0	10.0	11.0	12.0	13.0	14.0	15.0	16.0	17.0	18.0	19.0	20.0	21.0	22.0	23.0	24.0	25.0	26.0	27.0	28.0	29.0	30.0	31.0	32.0	33.0	34.0	35.0
5HS_S10_R2_001_val_2	326.0	855.0	1190.0	1476.0	1449.0	1314.0	1159.0	1073.0	880.0	814.0	732.0	730.0	697.0	1051.0	3046.0	8068.0	17594.0	34103.0	63228.0	98041.0	127244.0	157327.0	195822.0	248257.0	320543.0	418026.0	539734.0	697734.0	919791.0	1261330.0	1873159.0	3224825.0	6812485.0	8320508.0
	17.0	18.0	19.0	20.0	21.0	22.0	23.0	24.0	25.0	26.0	27.0	28.0	29.0	30.0	31.0	32.0	33.0	34.0	35.0
5PAM_S5_R1_001_val_1	1.0	57.0	526.0	3472.0	14847.0	43784.0	94719.0	159903.0	229440.0	307961.0	410798.0	560371.0	767204.0	1042069.0	1398696.0	1893982.0	2702991.0	4735422.0	8975387.0
	8.0	9.0	10.0	11.0	12.0	13.0	14.0	15.0	16.0	17.0	18.0	19.0	20.0	21.0	22.0	23.0	24.0	25.0	26.0	27.0	28.0	29.0	30.0	31.0	32.0	33.0	34.0	35.0
5PAM_S5_R2_001_val_2	1.0	1.0	4.0	3.0	5.0	7.0	36.0	610.0	4083.0	13563.0	29833.0	55381.0	95586.0	140297.0	178423.0	212944.0	255384.0	316187.0	405266.0	527987.0	691276.0	917431.0	1236593.0	1730299.0	2541732.0	3974542.0	6096221.0	3917935.0
	17.0	18.0	19.0	20.0	21.0	22.0	23.0	24.0	25.0	26.0	27.0	28.0	29.0	30.0	31.0	32.0	33.0	34.0	35.0
5ROCA_S15_R1_001_val_1	1.0	53.0	411.0	2973.0	12877.0	38257.0	82734.0	141513.0	206412.0	279851.0	377485.0	519575.0	712462.0	969492.0	1303514.0	1765171.0	2524615.0	4408796.0	8271677.0
	8.0	9.0	10.0	11.0	12.0	13.0	14.0	15.0	16.0	17.0	18.0	19.0	20.0	21.0	22.0	23.0	24.0	25.0	26.0	27.0	28.0	29.0	30.0	31.0	32.0	33.0	34.0	35.0
5ROCA_S15_R2_001_val_2	1.0	0.0	2.0	1.0	1.0	12.0	27.0	482.0	3433.0	11986.0	26470.0	48155.0	82801.0	121050.0	152261.0	180778.0	218657.0	271102.0	347529.0	454382.0	598088.0	798907.0	1089646.0	1534708.0	2276904.0	3620534.0	5787915.0	3992037.0
	15.0	16.0	17.0	18.0	19.0	20.0	21.0	22.0	23.0	24.0	25.0	26.0	27.0	28.0	29.0	30.0	31.0	32.0	33.0	34.0	35.0	36.0	37.0
5_MR_PC_S18_R1_001_val_1	1.0	5.0	9.0	35.0	124.0	418.0	1481.0	4076.0	9066.0	16059.0	30694.0	53869.0	88250.0	132883.0	196647.0	275102.0	387234.0	515006.0	700840.0	1005502.0	2153499.0	11659813.0	7092980.0
	8.0	9.0	10.0	11.0	12.0	13.0	14.0	15.0	16.0	17.0	18.0	19.0	20.0	21.0	22.0	23.0	24.0	25.0	26.0	27.0	28.0	29.0	30.0	31.0	32.0	33.0	34.0	35.0	36.0	37.0
5_MR_PC_S18_R2_001_val_2	1.0	0.0	1.0	24.0	147.0	671.0	1925.0	3596.0	5334.0	7459.0	9727.0	14198.0	22027.0	35323.0	53095.0	77443.0	100911.0	136246.0	171381.0	223113.0	284005.0	375976.0	495006.0	687581.0	969337.0	1480725.0	2321520.0	4213864.0	9892028.0	2740929.0
	17.0	18.0	19.0	20.0	21.0	22.0	23.0	24.0	25.0	26.0	27.0	28.0	29.0	30.0	31.0	32.0	33.0	34.0	35.0
6AF_S1_R1_001_val_1	1.0	21.0	126.0	864.0	3737.0	10806.0	27071.0	55119.0	103608.0	179001.0	292047.0	452704.0	676649.0	983124.0	1395137.0	1979757.0	2925315.0	5186859.0	4049507.0
	5.0	6.0	7.0	8.0	9.0	10.0	11.0	12.0	13.0	14.0	15.0	16.0	17.0	18.0	19.0	20.0	21.0	22.0	23.0	24.0	25.0	26.0	27.0	28.0	29.0	30.0	31.0	32.0	33.0	34.0	35.0
6AF_S1_R2_001_val_2	4.0	2.0	17.0	15.0	17.0	46.0	84.0	106.0	155.0	153.0	230.0	895.0	3502.0	9663.0	22569.0	46040.0	76328.0	109972.0	151592.0	210805.0	296975.0	423899.0	599726.0	838931.0	1167239.0	1628798.0	2267314.0	3065087.0	3698480.0	3035387.0	667422.0
	16.0	17.0	18.0	19.0	20.0	21.0	22.0	23.0	24.0	25.0	26.0	27.0	28.0	29.0	30.0	31.0	32.0	33.0	34.0	35.0
6PAG_S6_R1_001_val_1	1.0	3.0	58.0	503.0	3425.0	15067.0	44640.0	96158.0	161803.0	229965.0	302634.0	397709.0	531872.0	719970.0	968870.0	1295207.0	1751319.0	2498815.0	4359519.0	8155742.0
	10.0	11.0	12.0	13.0	14.0	15.0	16.0	17.0	18.0	19.0	20.0	21.0	22.0	23.0	24.0	25.0	26.0	27.0	28.0	29.0	30.0	31.0	32.0	33.0	34.0	35.0
6PAG_S6_R2_001_val_2	2.0	0.0	7.0	16.0	30.0	517.0	3482.0	12137.0	28111.0	53082.0	92983.0	137483.0	171011.0	201800.0	236250.0	285181.0	357801.0	461403.0	600242.0	797532.0	1080880.0	1521858.0	2258831.0	3591135.0	5729530.0	3911976.0
	18.0	19.0	20.0	21.0	22.0	23.0	24.0	25.0	26.0	27.0	28.0	29.0	30.0	31.0	32.0	33.0	34.0	35.0
6R_FD_S15_R1_001_val_1	14.0	94.0	526.0	2322.0	7171.0	17740.0	36961.0	69578.0	121171.0	199470.0	310341.0	467167.0	683723.0	977132.0	1391208.0	2066673.0	3659254.0	2846744.0
	5.0	6.0	7.0	8.0	9.0	10.0	11.0	12.0	13.0	14.0	15.0	16.0	17.0	18.0	19.0	20.0	21.0	22.0	23.0	24.0	25.0	26.0	27.0	28.0	29.0	30.0	31.0	32.0	33.0	34.0	35.0
6R_FD_S15_R2_001_val_2	1.0	5.0	7.0	13.0	16.0	24.0	55.0	66.0	94.0	134.0	184.0	701.0	2693.0	7544.0	16485.0	32913.0	53920.0	76194.0	103431.0	142304.0	202056.0	288847.0	410542.0	579388.0	813710.0	1143789.0	1598643.0	2167146.0	2610945.0	2137373.0	468066.0
	16.0	17.0	18.0	19.0	20.0	21.0	22.0	23.0	24.0	25.0	26.0	27.0	28.0	29.0	30.0	31.0	32.0	33.0	34.0	35.0	36.0	37.0
6_MR_PM_S19_R1_001_val_1	2.0	6.0	17.0	69.0	224.0	830.0	2180.0	4869.0	9676.0	19697.0	35258.0	59476.0	90477.0	133675.0	186711.0	260659.0	345392.0	469050.0	677422.0	1456781.0	7769645.0	4424848.0
	11.0	12.0	13.0	14.0	15.0	16.0	17.0	18.0	19.0	20.0	21.0	22.0	23.0	24.0	25.0	26.0	27.0	28.0	29.0	30.0	31.0	32.0	33.0	34.0	35.0	36.0	37.0
6_MR_PM_S19_R2_001_val_2	9.0	102.0	391.0	1124.0	2144.0	3105.0	4337.0	5909.0	8998.0	13840.0	23247.0	35524.0	51785.0	68732.0	92050.0	116723.0	152795.0	195288.0	258893.0	341247.0	476974.0	670444.0	1019382.0	1579203.0	2811990.0	6299758.0	1712970.0
	17.0	18.0	19.0	20.0	21.0	22.0	23.0	24.0	25.0	26.0	27.0	28.0	29.0	30.0	31.0	32.0	33.0	34.0	35.0
7AF_S2_R1_001_val_1	1.0	17.0	120.0	791.0	3215.0	10290.0	24883.0	49900.0	91748.0	154438.0	246815.0	378886.0	561825.0	811577.0	1147939.0	1626445.0	2413592.0	4282346.0	3366240.0
	4.0	5.0	6.0	7.0	8.0	9.0	10.0	11.0	12.0	13.0	14.0	15.0	16.0	17.0	18.0	19.0	20.0	21.0	22.0	23.0	24.0	25.0	26.0	27.0	28.0	29.0	30.0	31.0	32.0	33.0	34.0	35.0
7AF_S2_R2_001_val_2	1.0	2.0	6.0	10.0	12.0	30.0	34.0	54.0	71.0	113.0	132.0	221.0	829.0	3156.0	9040.0	20585.0	42042.0	69882.0	100434.0	138520.0	189490.0	265900.0	375186.0	524398.0	728314.0	1005266.0	1382114.0	1899850.0	2524874.0	2978506.0	2395310.0	516686.0
	17.0	18.0	19.0	20.0	21.0	22.0	23.0	24.0	25.0	26.0	27.0	28.0	29.0	30.0	31.0	32.0	33.0	34.0	35.0
7PIL_S7_R1_001_val_1	3.0	64.0	549.0	3465.0	14967.0	44530.0	97106.0	166574.0	244015.0	333591.0	455731.0	627093.0	866881.0	1180824.0	1590331.0	2163258.0	3106802.0	5484731.0	10520772.0
	8.0	9.0	10.0	11.0	12.0	13.0	14.0	15.0	16.0	17.0	18.0	19.0	20.0	21.0	22.0	23.0	24.0	25.0	26.0	27.0	28.0	29.0	30.0	31.0	32.0	33.0	34.0	35.0
7PIL_S7_R2_001_val_2	2.0	3.0	1.0	7.0	5.0	14.0	31.0	668.0	4347.0	14226.0	31549.0	58676.0	101366.0	149095.0	187994.0	224559.0	269297.0	334887.0	429889.0	561615.0	740442.0	988319.0	1342083.0	1891709.0	2819065.0	4510701.0	7246872.0	4993865.0
	17.0	18.0	19.0	20.0	21.0	22.0	23.0	24.0	25.0	26.0	27.0	28.0	29.0	30.0	31.0	32.0	33.0	34.0	35.0
7R_FV_S16_R1_001_val_1	1.0	11.0	63.0	368.0	1713.0	5116.0	12462.0	26941.0	50098.0	87847.0	143420.0	222156.0	333798.0	483663.0	686681.0	969160.0	1435124.0	2538639.0	1991705.0
	6.0	7.0	8.0	9.0	10.0	11.0	12.0	13.0	14.0	15.0	16.0	17.0	18.0	19.0	20.0	21.0	22.0	23.0	24.0	25.0	26.0	27.0	28.0	29.0	30.0	31.0	32.0	33.0	34.0	35.0
7R_FV_S16_R2_001_val_2	4.0	2.0	13.0	10.0	22.0	45.0	55.0	53.0	84.0	117.0	482.0	1830.0	5231.0	11832.0	23773.0	38780.0	54965.0	74437.0	102990.0	146207.0	207998.0	295282.0	413557.0	573549.0	799813.0	1110120.0	1502751.0	1808141.0	1487542.0	329281.0
	16.0	17.0	18.0	19.0	20.0	21.0	22.0	23.0	24.0	25.0	26.0	27.0	28.0	29.0	30.0	31.0	32.0	33.0	34.0	35.0	36.0	37.0
7_MR_RC_S20_R1_001_val_1	1.0	4.0	12.0	58.0	208.0	683.0	1924.0	4273.0	8134.0	16546.0	29630.0	48667.0	73749.0	108657.0	149957.0	208686.0	275882.0	375047.0	535261.0	1145753.0	6218753.0	3646383.0
	11.0	12.0	13.0	14.0	15.0	16.0	17.0	18.0	19.0	20.0	21.0	22.0	23.0	24.0	25.0	26.0	27.0	28.0	29.0	30.0	31.0	32.0	33.0	34.0	35.0	36.0	37.0
7_MR_RC_S20_R2_001_val_2	11.0	59.0	336.0	965.0	1801.0	2709.0	3706.0	5047.0	7587.0	11756.0	19035.0	29386.0	42854.0	57499.0	77625.0	96632.0	124830.0	156020.0	203859.0	266443.0	371146.0	520107.0	795253.0	1244498.0	2253865.0	5188729.0	1366510.0
	17.0	18.0	19.0	20.0	21.0	22.0	23.0	24.0	25.0	26.0	27.0	28.0	29.0	30.0	31.0	32.0	33.0	34.0	35.0
8AF_S3_R1_001_val_1	3.0	8.0	94.0	551.0	2358.0	7276.0	18669.0	39274.0	75519.0	131709.0	217285.0	339048.0	509494.0	739181.0	1055786.0	1496248.0	2223468.0	3941456.0	3103217.0
	5.0	6.0	7.0	8.0	9.0	10.0	11.0	12.0	13.0	14.0	15.0	16.0	17.0	18.0	19.0	20.0	21.0	22.0	23.0	24.0	25.0	26.0	27.0	28.0	29.0	30.0	31.0	32.0	33.0	34.0	35.0
8AF_S3_R2_001_val_2	1.0	5.0	7.0	17.0	20.0	21.0	59.0	90.0	101.0	136.0	187.0	683.0	2598.0	7512.0	17243.0	34839.0	58017.0	82931.0	113549.0	158707.0	224157.0	319085.0	451567.0	633869.0	885348.0	1237864.0	1725855.0	2335777.0	2811542.0	2299269.0	499588.0
	17.0	18.0	19.0	20.0	21.0	22.0	23.0	24.0	25.0	26.0	27.0	28.0	29.0	30.0	31.0	32.0	33.0	34.0	35.0
8PSN_S8_R1_001_val_1	5.0	63.0	550.0	3805.0	16699.0	49684.0	107671.0	180350.0	258523.0	347600.0	465367.0	637137.0	879323.0	1199746.0	1612458.0	2191924.0	3137220.0	5512729.0	10522380.0
	11.0	12.0	13.0	14.0	15.0	16.0	17.0	18.0	19.0	20.0	21.0	22.0	23.0	24.0	25.0	26.0	27.0	28.0	29.0	30.0	31.0	32.0	33.0	34.0	35.0
8PSN_S8_R2_001_val_2	4.0	6.0	12.0	42.0	648.0	4566.0	15771.0	34811.0	63244.0	107528.0	155206.0	192708.0	229769.0	273410.0	338635.0	436279.0	569434.0	753995.0	1007067.0	1370130.0	1924956.0	2850828.0	4534132.0	7243028.0	5017025.0
	17.0	18.0	19.0	20.0	21.0	22.0	23.0	24.0	25.0	26.0	27.0	28.0	29.0	30.0	31.0	32.0	33.0	34.0	35.0
8R_BM_S17_R1_001_val_1	1.0	5.0	77.0	524.0	2212.0	6937.0	17010.0	37077.0	70447.0	122565.0	201734.0	316753.0	475862.0	693024.0	993477.0	1422348.0	2127399.0	3777119.0	2885918.0
	3.0	4.0	5.0	6.0	7.0	8.0	9.0	10.0	11.0	12.0	13.0	14.0	15.0	16.0	17.0	18.0	19.0	20.0	21.0	22.0	23.0	24.0	25.0	26.0	27.0	28.0	29.0	30.0	31.0	32.0	33.0	34.0	35.0
8R_BM_S17_R2_001_val_2	1.0	2.0	1.0	5.0	4.0	9.0	11.0	27.0	59.0	114.0	88.0	111.0	185.0	737.0	2944.0	7746.0	16967.0	32880.0	51801.0	70405.0	93974.0	126575.0	176484.0	252140.0	359241.0	509708.0	725819.0	1039343.0	1500186.0	2138191.0	2793734.0	2587215.0	663782.0
	16.0	17.0	18.0	19.0	20.0	21.0	22.0	23.0	24.0	25.0	26.0	27.0	28.0	29.0	30.0	31.0	32.0	33.0	34.0	35.0	36.0	37.0
8_MR_MA_S21_R1_001_val_1	1.0	6.0	26.0	109.0	343.0	1187.0	3210.0	6871.0	12712.0	24168.0	42651.0	71356.0	108466.0	162521.0	227876.0	322096.0	432169.0	593627.0	855786.0	1822967.0	9961985.0	6120448.0
	6.0	7.0	8.0	9.0	10.0	11.0	12.0	13.0	14.0	15.0	16.0	17.0	18.0	19.0	20.0	21.0	22.0	23.0	24.0	25.0	26.0	27.0	28.0	29.0	30.0	31.0	32.0	33.0	34.0	35.0	36.0	37.0
8_MR_MA_S21_R2_001_val_2	1.0	0.0	0.0	0.0	2.0	13.0	98.0	431.0	1351.0	2545.0	3938.0	5291.0	7325.0	10626.0	16817.0	27977.0	42779.0	61999.0	82307.0	111002.0	139312.0	181810.0	231584.0	302390.0	397399.0	552340.0	778498.0	1194846.0	1894301.0	3500120.0	8744105.0	2479374.0
	17.0	18.0	19.0	20.0	21.0	22.0	23.0	24.0	25.0	26.0	27.0	28.0	29.0	30.0	31.0	32.0	33.0	34.0	35.0
9AF_S4_R1_001_val_1	2.0	10.0	135.0	725.0	3089.0	9502.0	23816.0	50191.0	94684.0	165226.0	269129.0	418274.0	624205.0	907684.0	1288364.0	1833181.0	2732150.0	4853645.0	3807078.0
	6.0	7.0	8.0	9.0	10.0	11.0	12.0	13.0	14.0	15.0	16.0	17.0	18.0	19.0	20.0	21.0	22.0	23.0	24.0	25.0	26.0	27.0	28.0	29.0	30.0	31.0	32.0	33.0	34.0	35.0
9AF_S4_R2_001_val_2	4.0	7.0	21.0	17.0	40.0	65.0	98.0	146.0	152.0	241.0	923.0	3531.0	9909.0	22268.0	44088.0	72530.0	102743.0	138124.0	188981.0	268123.0	382739.0	544211.0	764415.0	1072968.0	1505925.0	2112714.0	2876121.0	3481421.0	2859491.0	629074.0
	17.0	18.0	19.0	20.0	21.0	22.0	23.0	24.0	25.0	26.0	27.0	28.0	29.0	30.0	31.0	32.0	33.0	34.0	35.0
9P_PA_S12_R1_001_val_1	3.0	17.0	107.0	694.0	2710.0	8578.0	20539.0	43014.0	80006.0	138303.0	223174.0	345571.0	516152.0	751242.0	1068621.0	1519538.0	2257111.0	4024148.0	3185743.0
	5.0	6.0	7.0	8.0	9.0	10.0	11.0	12.0	13.0	14.0	15.0	16.0	17.0	18.0	19.0	20.0	21.0	22.0	23.0	24.0	25.0	26.0	27.0	28.0	29.0	30.0	31.0	32.0	33.0	34.0	35.0
9P_PA_S12_R2_001_val_2	1.0	4.0	6.0	14.0	21.0	25.0	50.0	75.0	97.0	120.0	184.0	837.0	3101.0	8385.0	19192.0	38000.0	61303.0	86860.0	116356.0	158524.0	222566.0	315931.0	446986.0	625981.0	876407.0	1232656.0	1724658.0	2359333.0	2892362.0	2441037.0	554199.0
	17.0	18.0	19.0	20.0	21.0	22.0	23.0	24.0	25.0	26.0	27.0	28.0	29.0	30.0	31.0	32.0	33.0	34.0	35.0
9R_MV_S18_R1_001_val_1	1.0	13.0	82.0	574.0	2529.0	7942.0	19654.0	41516.0	78167.0	136275.0	221847.0	341513.0	508642.0	734029.0	1039040.0	1471848.0	2188961.0	3944167.0	3231792.0
	4.0	5.0	6.0	7.0	8.0	9.0	10.0	11.0	12.0	13.0	14.0	15.0	16.0	17.0	18.0	19.0	20.0	21.0	22.0	23.0	24.0	25.0	26.0	27.0	28.0	29.0	30.0	31.0	32.0	33.0	34.0	35.0
9R_MV_S18_R2_001_val_2	1.0	3.0	6.0	6.0	7.0	16.0	30.0	57.0	77.0	124.0	114.0	170.0	737.0	3021.0	8446.0	18948.0	37439.0	59937.0	83541.0	111051.0	149398.0	208616.0	293604.0	413426.0	578588.0	812028.0	1144927.0	1624340.0	2276722.0	2903286.0	2601659.0	638267.0
	16.0	17.0	18.0	19.0	20.0	21.0	22.0	23.0	24.0	25.0	26.0	27.0	28.0	29.0	30.0	31.0	32.0	33.0	34.0	35.0
HS10_S10_R1_001_val_1	1.0	3.0	18.0	144.0	892.0	3663.0	11281.0	27152.0	55544.0	103760.0	178926.0	291898.0	457576.0	690351.0	1013179.0	1451948.0	2073479.0	3083284.0	5514754.0	4346276.0
	6.0	7.0	8.0	9.0	10.0	11.0	12.0	13.0	14.0	15.0	16.0	17.0	18.0	19.0	20.0	21.0	22.0	23.0	24.0	25.0	26.0	27.0	28.0	29.0	30.0	31.0	32.0	33.0	34.0	35.0
HS10_S10_R2_001_val_2	4.0	14.0	17.0	25.0	47.0	94.0	121.0	147.0	179.0	277.0	1032.0	3768.0	10375.0	23808.0	47835.0	78991.0	112969.0	154368.0	213642.0	304832.0	436265.0	620981.0	869371.0	1218336.0	1702757.0	2365845.0	3204373.0	3898517.0	3282275.0	752864.0
	18.0	19.0	20.0	21.0	22.0	23.0	24.0	25.0	26.0	27.0	28.0	29.0	30.0	31.0	32.0	33.0	34.0	35.0
HS11_S11_R1_001_val_1	9.0	95.0	583.0	2292.0	7331.0	18161.0	37740.0	70823.0	121959.0	198047.0	305276.0	456552.0	658008.0	931131.0	1321721.0	1962624.0	3497109.0	2755350.0
	5.0	6.0	7.0	8.0	9.0	10.0	11.0	12.0	13.0	14.0	15.0	16.0	17.0	18.0	19.0	20.0	21.0	22.0	23.0	24.0	25.0	26.0	27.0	28.0	29.0	30.0	31.0	32.0	33.0	34.0	35.0
HS11_S11_R2_001_val_2	2.0	5.0	1.0	18.0	23.0	28.0	47.0	72.0	107.0	105.0	171.0	646.0	2511.0	7001.0	15904.0	30869.0	50228.0	70312.0	92832.0	125329.0	174631.0	247526.0	349280.0	492259.0	690771.0	980654.0	1404921.0	1990201.0	2591249.0	2409612.0	617496.0
	17.0	18.0	19.0	20.0	21.0	22.0	23.0	24.0	25.0	26.0	27.0	28.0	29.0	30.0	31.0	32.0	33.0	34.0	35.0
HS6_S6_R1_001_val_1	2.0	15.0	110.0	779.0	3208.0	9653.0	23775.0	48847.0	89609.0	151565.0	241716.0	367742.0	542769.0	783067.0	1102998.0	1558957.0	2314875.0	4105086.0	3233470.0
	4.0	5.0	6.0	7.0	8.0	9.0	10.0	11.0	12.0	13.0	14.0	15.0	16.0	17.0	18.0	19.0	20.0	21.0	22.0	23.0	24.0	25.0	26.0	27.0	28.0	29.0	30.0	31.0	32.0	33.0	34.0	35.0
HS6_S6_R2_001_val_2	1.0	3.0	4.0	4.0	13.0	18.0	37.0	40.0	88.0	104.0	120.0	201.0	792.0	2816.0	8070.0	19184.0	39135.0	65445.0	95017.0	129729.0	178154.0	250914.0	350585.0	491716.0	681238.0	943148.0	1309858.0	1812893.0	2435055.0	2904799.0	2349434.0	509628.0
	16.0	17.0	18.0	19.0	20.0	21.0	22.0	23.0	24.0	25.0	26.0	27.0	28.0	29.0	30.0	31.0	32.0	33.0	34.0	35.0
HS7_S7_R1_001_val_1	2.0	4.0	26.0	261.0	1745.0	7063.0	20569.0	48987.0	97719.0	177037.0	299292.0	479141.0	737450.0	1097635.0	1588567.0	2254942.0	3196251.0	4749688.0	8510520.0	6851857.0
	4.0	5.0	6.0	7.0	8.0	9.0	10.0	11.0	12.0	13.0	14.0	15.0	16.0	17.0	18.0	19.0	20.0	21.0	22.0	23.0	24.0	25.0	26.0	27.0	28.0	29.0	30.0	31.0	32.0	33.0	34.0	35.0
HS7_S7_R2_001_val_2	2.0	6.0	6.0	15.0	28.0	37.0	70.0	145.0	180.0	238.0	275.0	476.0	1768.0	6847.0	19034.0	43560.0	85846.0	140194.0	197241.0	264003.0	360247.0	503624.0	706912.0	988942.0	1372190.0	1894085.0	2619763.0	3625244.0	4908464.0	6005017.0	5147431.0	1226866.0
	17.0	18.0	19.0	20.0	21.0	22.0	23.0	24.0	25.0	26.0	27.0	28.0	29.0	30.0	31.0	32.0	33.0	34.0	35.0
HS8_S8_R1_001_val_1	1.0	11.0	125.0	690.0	2954.0	9337.0	23069.0	47758.0	88554.0	151219.0	241799.0	368935.0	544980.0	778495.0	1097446.0	1549608.0	2288743.0	4023435.0	3042765.0
	4.0	5.0	6.0	7.0	8.0	9.0	10.0	11.0	12.0	13.0	14.0	15.0	16.0	17.0	18.0	19.0	20.0	21.0	22.0	23.0	24.0	25.0	26.0	27.0	28.0	29.0	30.0	31.0	32.0	33.0	34.0	35.0
HS8_S8_R2_001_val_2	1.0	3.0	5.0	10.0	8.0	15.0	18.0	51.0	81.0	112.0	116.0	204.0	785.0	3088.0	8962.0	19593.0	38679.0	61836.0	85698.0	114658.0	153805.0	212366.0	296707.0	414288.0	577391.0	809130.0	1140396.0	1626812.0	2294651.0	2973460.0	2733046.0	693949.0
	16.0	17.0	18.0	19.0	20.0	21.0	22.0	23.0	24.0	25.0	26.0	27.0	28.0	29.0	30.0	31.0	32.0	33.0	34.0	35.0
HS9_S9_R1_001_val_1	1.0	2.0	22.0	138.0	822.0	3392.0	10634.0	25970.0	54150.0	100969.0	175865.0	287647.0	451672.0	682077.0	1000191.0	1433594.0	2048619.0	3052588.0	5457143.0	4362249.0
	4.0	5.0	6.0	7.0	8.0	9.0	10.0	11.0	12.0	13.0	14.0	15.0	16.0	17.0	18.0	19.0	20.0	21.0	22.0	23.0	24.0	25.0	26.0	27.0	28.0	29.0	30.0	31.0	32.0	33.0	34.0	35.0
HS9_S9_R2_001_val_2	1.0	2.0	7.0	6.0	19.0	25.0	44.0	78.0	102.0	138.0	178.0	281.0	961.0	3453.0	9906.0	22867.0	45703.0	76437.0	108023.0	148255.0	205782.0	293024.0	422637.0	603336.0	851492.0	1196745.0	1681030.0	2353478.0	3206193.0	3906733.0	3269534.0	741275.0

