	20	22	24	26	28	30	32	34	36	38	40	42	44	46	48	50	52	54	56	58	60	62	64	66	68	70	72	74
10AF_S5_R1_001_val_1	1404.0	2983.0	8586.0	15384.0	24835.0	37701.0	51281.0	56693.0	68754.0	84362.0	98741.0	96486.0	96802.0	100566.0	116291.0	153378.0	162673.0	142683.0	134226.0	136265.0	140038.0	144100.0	143321.0	199509.0	748525.0	1750922.0	2385254.0	7589900.0
	20	22	24	26	28	30	32	34	36	38	40	42	44	46	48	50	52	54	56	58	60	62	64	66	68	70	72	74
10AF_S5_R2_001_val_2	4876.0	5061.0	6081.0	7718.0	8702.0	7384.0	6334.0	6413.0	7276.0	7769.0	7356.0	6817.0	7034.0	7648.0	8380.0	8823.0	9013.0	9873.0	11299.0	13321.0	16230.0	21041.0	28890.0	45419.0	122714.0	725720.0	6290811.0	7283660.0
	20	22	24	26	28	30	32	34	36	38	40	42	44	46	48	50	52	54	56	58	60	62	64	66	68	70	72	74
10P_ER_S13_R1_001_val_1	1440.0	3010.0	8011.0	14213.0	22574.0	34016.0	46988.0	51526.0	62154.0	75643.0	88674.0	88112.0	88251.0	91207.0	104958.0	137955.0	150408.0	134992.0	127477.0	126815.0	129302.0	133273.0	132097.0	179805.0	646604.0	1596585.0	2166419.0	6873053.0
	20	22	24	26	28	30	32	34	36	38	40	42	44	46	48	50	52	54	56	58	60	62	64	66	68	70	72	74
10P_ER_S13_R2_001_val_2	3761.0	3956.0	4539.0	6160.0	6787.0	5574.0	4632.0	4797.0	5632.0	6083.0	5700.0	5392.0	5533.0	5984.0	6913.0	7310.0	7569.0	7997.0	9522.0	11418.0	14762.0	18822.0	26095.0	41876.0	115056.0	693687.0	5572180.0	6707825.0
	20	22	24	26	28	30	32	34	36	38	40	42	44	46	48	50	52	54	56	58	60	62	64	66	68	70	72	74
10R_SG_S19_R1_001_val_1	1617.0	3035.0	8300.0	14814.0	24594.0	37349.0	52425.0	59374.0	70866.0	86492.0	101357.0	98904.0	99053.0	103723.0	118958.0	154239.0	167495.0	149482.0	138764.0	139022.0	143079.0	147428.0	145619.0	200159.0	748690.0	1843473.0	2509180.0	7945968.0
	20	22	24	26	28	30	32	34	36	38	40	42	44	46	48	50	52	54	56	58	60	62	64	66	68	70	72	74
10R_SG_S19_R2_001_val_2	4413.0	4677.0	5566.0	7240.0	8130.0	6741.0	5848.0	5847.0	6836.0	7384.0	6964.0	6289.0	6698.0	7077.0	7922.0	8537.0	8597.0	9450.0	11038.0	13659.0	17278.0	21860.0	30748.0	49076.0	132437.0	798225.0	6373683.0	7741239.0
	20	22	24	26	28	30	32	34	36	38	40	42	44	46	48	50	52	54	56	58	60	62	64	66	68	70	72	74
11P_DS_S14_R1_001_val_1	1554.0	2464.0	6581.0	11294.0	20291.0	34730.0	51111.0	61827.0	80133.0	101941.0	119881.0	118751.0	116935.0	118416.0	124010.0	148806.0	162159.0	148528.0	139568.0	139716.0	141342.0	142769.0	140053.0	187009.0	644828.0	1553940.0	2097130.0	6598242.0
	20	22	24	26	28	30	32	34	36	38	40	42	44	46	48	50	52	54	56	58	60	62	64	66	68	70	72	74
11P_DS_S14_R2_001_val_2	3819.0	4125.0	4919.0	6301.0	7081.0	5795.0	4958.0	4910.0	5761.0	6060.0	5756.0	5201.0	5777.0	6044.0	6987.0	7374.0	7627.0	8218.0	9751.0	11756.0	14696.0	18824.0	26496.0	42750.0	116439.0	682280.0	5447307.0	6736997.0
	20	22	24	26	28	30	32	34	36	38	40	42	44	46	48	50	52	54	56	58	60	62	64	66	68	70	72	74
11R_GA_S20_R1_001_val_1	1189.0	3491.0	11810.0	22455.0	37969.0	58735.0	83401.0	94105.0	113064.0	138108.0	159870.0	155558.0	154787.0	158990.0	181353.0	235905.0	248939.0	216029.0	199183.0	196091.0	198436.0	198619.0	191639.0	256604.0	869383.0	1772933.0	2233352.0	7014750.0
	20	22	24	26	28	30	32	34	36	38	40	42	44	46	48	50	52	54	56	58	60	62	64	66	68	70	72	74
11R_GA_S20_R2_001_val_2	4910.0	5291.0	6102.0	7942.0	8871.0	7409.0	6215.0	6377.0	7139.0	7747.0	7319.0	6921.0	7094.0	7648.0	8541.0	8920.0	9058.0	9988.0	11564.0	14332.0	18086.0	22893.0	32596.0	52956.0	153711.0	875839.0	6602664.0	7288615.0
	20	22	24	26	28	30	32	34	36	38	40	42	44	46	48	50	52	54	56	58	60	62	64	66	68	70	72	74	76
12_HS_S1_R1_001_val_1	2037.0	8743.0	28186.0	50679.0	76294.0	108177.0	144177.0	154272.0	167722.0	192084.0	212529.0	211486.0	205273.0	199885.0	215351.0	278692.0	288830.0	246877.0	221262.0	218792.0	223158.0	226320.0	219718.0	253187.0	795496.0	1024409.0	3068494.0	230549.0	6922084.0
	20	22	24	26	28	30	32	34	36	38	40	42	44	46	48	50	52	54	56	58	60	62	64	66	68	70	72	74	76
12_HS_S1_R2_001_val_2	2959.0	2884.0	3602.0	3134.0	3402.0	2920.0	2817.0	2555.0	2381.0	2400.0	2474.0	2667.0	2644.0	2875.0	2986.0	3395.0	3819.0	3934.0	4318.0	4961.0	5440.0	6607.0	8808.0	13267.0	53510.0	169034.0	3327108.0	7930786.0	4617076.0
	20	22	24	26	28	30	32	34	36	38	40	42	44	46	48	50	52	54	56	58	60	62	64	66	68	70	72	74	76
12_P_DGG_S22_R1_001_val_1	4495.0	9819.0	31903.0	56764.0	85110.0	122742.0	176174.0	194069.0	205473.0	237779.0	264105.0	253972.0	236581.0	233823.0	255395.0	335858.0	359001.0	308651.0	270026.0	258827.0	257342.0	256089.0	247181.0	292019.0	1029949.0	1388950.0	4224052.0	320135.0	9193502.0
	20	22	24	26	28	30	32	34	36	38	40	42	44	46	48	50	52	54	56	58	60	62	64	66	68	70	72	74	76
12_P_DGG_S22_R2_001_val_2	2619.0	2751.0	3210.0	3097.0	3278.0	2986.0	2885.0	2677.0	2411.0	2660.0	2697.0	2753.0	2922.0	3021.0	3185.0	3533.0	4096.0	4375.0	4536.0	5265.0	6082.0	7699.0	10011.0	15764.0	61569.0	204216.0	4074828.0	10365438.0	6299222.0
	20	22	24	26	28	30	32	34	36	38	40	42	44	46	48	50	52	54	56	58	60	62	64	66	68	70	72	74	76
12_R_EU_S8_R1_001_val_1	3772.0	9892.0	34922.0	63504.0	97433.0	139069.0	198332.0	217456.0	229865.0	262034.0	292692.0	280827.0	259976.0	258362.0	278939.0	360060.0	384471.0	328772.0	287485.0	277835.0	274592.0	271621.0	264745.0	315714.0	1133408.0	1513623.0	4673532.0	340493.0	10275106.0
	20	22	24	26	28	30	32	34	36	38	40	42	44	46	48	50	52	54	56	58	60	62	64	66	68	70	72	74	76
12_R_EU_S8_R2_001_val_2	2982.0	3140.0	3678.0	3334.0	3486.0	3231.0	3067.0	2938.0	2848.0	2920.0	2995.0	3047.0	3305.0	3559.0	3490.0	4178.0	4478.0	4813.0	5276.0	5933.0	6794.0	8704.0	11584.0	17406.0	70066.0	231882.0	4629770.0	11451911.0	6827717.0
	20	22	24	26	28	30	32	34	36	38	40	42	44	46	48	50	52	54	56	58	60	62	64	66	68	70	72	74	76
13_HS_S2_R1_001_val_1	5059.0	11946.0	37796.0	64540.0	93599.0	131516.0	183266.0	194687.0	205570.0	234398.0	257892.0	245224.0	227709.0	223048.0	241093.0	316576.0	331003.0	280479.0	244960.0	237652.0	235297.0	233652.0	228476.0	272202.0	973924.0	1225521.0	3843916.0	300154.0	8513405.0
	20	22	24	26	28	30	32	34	36	38	40	42	44	46	48	50	52	54	56	58	60	62	64	66	68	70	72	74	76
13_HS_S2_R2_001_val_2	3439.0	3228.0	4104.0	3754.0	4027.0	3594.0	3391.0	3230.0	3124.0	2951.0	2978.0	3101.0	3271.0	3170.0	3463.0	3853.0	4394.0	4662.0	4892.0	5765.0	6195.0	7912.0	10542.0	15817.0	65471.0	209816.0	3975066.0	9554533.0	5674817.0
	20	22	24	26	28	30	32	34	36	38	40	42	44	46	48	50	52	54	56	58	60	62	64	66	68	70	72	74	76
13_P_FM_S23_R1_001_val_1	2590.0	7819.0	27700.0	51056.0	76410.0	109969.0	157234.0	173014.0	184157.0	210442.0	234108.0	226033.0	210507.0	205378.0	222022.0	288723.0	309839.0	263822.0	229685.0	218398.0	217028.0	215761.0	210790.0	246539.0	845433.0	1118503.0	3166929.0	244456.0	6867915.0
	20	22	24	26	28	30	32	34	36	38	40	42	44	46	48	50	52	54	56	58	60	62	64	66	68	70	72	74	76
13_P_FM_S23_R2_001_val_2	2180.0	2164.0	2616.0	2393.0	2349.0	2300.0	2145.0	2063.0	2071.0	2061.0	2143.0	2224.0	2320.0	2411.0	2499.0	2968.0	3115.0	3253.0	3601.0	4152.0	4771.0	5963.0	8148.0	12178.0	52117.0	174984.0	3227069.0	8129110.0	4876892.0
	20	22	24	26	28	30	32	34	36	38	40	42	44	46	48	50	52	54	56	58	60	62	64	66	68	70	72	74	76
13_R_RF_S9_R1_001_val_1	3298.0	9654.0	33232.0	61099.0	92774.0	134412.0	188991.0	209880.0	223356.0	255085.0	283341.0	273904.0	255843.0	254412.0	273873.0	352730.0	378257.0	328371.0	292211.0	278012.0	274476.0	273702.0	265953.0	307142.0	1046793.0	1483605.0	4464407.0	329856.0	9749896.0
	20	22	24	26	28	30	32	34	36	38	40	42	44	46	48	50	52	54	56	58	60	62	64	66	68	70	72	74	76
13_R_RF_S9_R2_001_val_2	2972.0	3089.0	3824.0	3338.0	3565.0	3172.0	3008.0	3005.0	2833.0	2963.0	3006.0	3206.0	3278.0	3240.0	3471.0	4030.0	4535.0	4660.0	5129.0	5741.0	6650.0	8372.0	10975.0	16683.0	66010.0	217625.0	4256481.0	10996800.0	6726904.0
	20	22	24	26	28	30	32	34	36	38	40	42	44	46	48	50	52	54	56	58	60	62	64	66	68	70	72	74	76
14_HS_S3_R1_001_val_1	3802.0	9268.0	32239.0	58826.0	90782.0	131896.0	190132.0	209051.0	220446.0	252993.0	278569.0	265867.0	247898.0	249761.0	273437.0	359450.0	376998.0	317448.0	282575.0	271852.0	273367.0	268887.0	258697.0	310969.0	1149580.0	1472187.0	4471642.0	336241.0	9830092.0
	20	22	24	26	28	30	32	34	36	38	40	42	44	46	48	50	52	54	56	58	60	62	64	66	68	70	72	74	76
14_HS_S3_R2_001_val_2	3099.0	2982.0	3697.0	3446.0	3580.0	3329.0	3235.0	3140.0	2938.0	3013.0	3044.0	3204.0	3284.0	3420.0	3582.0	3970.0	4343.0	4703.0	5045.0	5651.0	6532.0	8212.0	11073.0	16950.0	66959.0	221837.0	4501997.0	11019683.0	6569004.0
	20	22	24	26	28	30	32	34	36	38	40	42	44	46	48	50	52	54	56	58	60	62	64	66	68	70	72	74	76
14_P_SG_S24_R1_001_val_1	4131.0	12043.0	43378.0	77992.0	114757.0	162058.0	224511.0	247232.0	260544.0	297160.0	331836.0	323852.0	299511.0	290697.0	307015.0	390057.0	423815.0	367979.0	316070.0	303636.0	298142.0	296722.0	289420.0	331108.0	1047191.0	1455714.0	4032318.0	301410.0	8626648.0
	20	22	24	26	28	30	32	34	36	38	40	42	44	46	48	50	52	54	56	58	60	62	64	66	68	70	72	74	76
14_P_SG_S24_R2_001_val_2	2634.0	2687.0	3606.0	3116.0	3162.0	2969.0	2707.0	2596.0	2481.0	2611.0	2652.0	2861.0	2977.0	3031.0	3290.0	3659.0	4132.0	4490.0	4987.0	5751.0	6239.0	8002.0	10546.0	15664.0	69611.0	233279.0	4077532.0	10529716.0	6459959.0
	20	22	24	26	28	30	32	34	36	38	40	42	44	46	48	50	52	54	56	58	60	62	64	66	68	70	72	74	76
14_R_MM_S10_R1_001_val_1	6029.0	17551.0	59284.0	101843.0	146407.0	202983.0	276431.0	299247.0	316011.0	360325.0	398520.0	386592.0	356066.0	345411.0	368242.0	474134.0	512440.0	438793.0	381413.0	367594.0	364093.0	363364.0	358152.0	417054.0	1429722.0	1950277.0	5947468.0	436253.0	13009961.0
	20	22	24	26	28	30	32	34	36	38	40	42	44	46	48	50	52	54	56	58	60	62	64	66	68	70	72	74	76
14_R_MM_S10_R2_001_val_2	4083.0	4231.0	5385.0	4672.0	5012.0	4407.0	4181.0	4096.0	3832.0	3916.0	3881.0	4350.0	4378.0	4484.0	4830.0	5608.0	6111.0	6660.0	7346.0	8450.0	9201.0	11644.0	15208.0	23027.0	94555.0	310237.0	5823905.0	14754697.0	8949273.0
	20	22	24	26	28	30	32	34	36	38	40	42	44	46	48	50	52	54	56	58	60	62	64	66	68	70	72	74	76
15_HS_S4_R1_001_val_1	1517.0	4772.0	16741.0	31812.0	48839.0	70972.0	103519.0	115744.0	122943.0	141909.0	159786.0	154237.0	144422.0	144585.0	157436.0	205546.0	221708.0	192877.0	169280.0	163653.0	162956.0	163180.0	159105.0	188090.0	666758.0	919285.0	2817204.0	208730.0	6126419.0
	20	22	24	26	28	30	32	34	36	38	40	42	44	46	48	50	52	54	56	58	60	62	64	66	68	70	72	74	76
15_HS_S4_R2_001_val_2	1763.0	1854.0	2157.0	1949.0	2101.0	1921.0	1804.0	1770.0	1669.0	1635.0	1678.0	1901.0	1864.0	1886.0	2018.0	2219.0	2577.0	2783.0	2977.0	3439.0	3873.0	4847.0	6477.0	10178.0	37574.0	126073.0	2668456.0	6790189.0	4094393.0
	20	22	24	26	28	30	32	34	36	38	40	42	44	46	48	50	52	54	56	58	60	62	64	66	68	70	72	74	76
15_P_SMR_S25_R1_001_val_1	3625.0	10813.0	37412.0	67257.0	99453.0	144497.0	204337.0	223975.0	241616.0	280179.0	313149.0	301791.0	279981.0	275208.0	298635.0	390516.0	419104.0	359742.0	315231.0	304142.0	301310.0	303103.0	299404.0	353125.0	1250112.0	1666176.0	5167222.0	387005.0	11342149.0
	20	22	24	26	28	30	32	34	36	38	40	42	44	46	48	50	52	54	56	58	60	62	64	66	68	70	72	74	76
15_P_SMR_S25_R2_001_val_2	3686.0	3769.0	4550.0	4055.0	4253.0	3803.0	3561.0	3380.0	3279.0	3231.0	3189.0	3534.0	3621.0	3762.0	3914.0	4319.0	4903.0	5288.0	6153.0	6837.0	7609.0	9807.0	12952.0	19716.0	75318.0	247911.0	5069873.0	12600749.0	7513247.0
	20	22	24	26	28	30	32	34	36	38	40	42	44	46	48	50	52	54	56	58	60	62	64	66	68	70	72	74	76
15_R_RN_S11_R1_001_val_1	3603.0	10326.0	35661.0	61683.0	94006.0	135182.0	196556.0	205214.0	220672.0	255209.0	276286.0	256203.0	238362.0	241328.0	267151.0	356836.0	355454.0	296415.0	267074.0	260379.0	259683.0	256744.0	248401.0	308848.0	1233773.0	1372508.0	4508387.0	327148.0	10142087.0
	20	22	24	26	28	30	32	34	36	38	40	42	44	46	48	50	52	54	56	58	60	62	64	66	68	70	72	74	76
15_R_RN_S11_R2_001_val_2	3402.0	3419.0	4004.0	3803.0	4016.0	3650.0	3474.0	3378.0	3179.0	3224.0	3282.0	3455.0	3411.0	3536.0	3719.0	4334.0	4619.0	4662.0	5231.0	5941.0	6707.0	8282.0	11360.0	16913.0	70731.0	234192.0	4922928.0	11097694.0	6244633.0
	20	22	24	26	28	30	32	34	36	38	40	42	44	46	48	50	52	54	56	58	60	62	64	66	68	70	72	74	76
16_HS_S5_R1_001_val_1	1697.0	5168.0	18442.0	33441.0	50799.0	74241.0	106439.0	117237.0	126985.0	149055.0	166850.0	160260.0	150013.0	149334.0	164338.0	215535.0	228226.0	196350.0	172312.0	166876.0	167531.0	167878.0	165048.0	196311.0	722780.0	928735.0	2895578.0	212074.0	6380834.0
	20	22	24	26	28	30	32	34	36	38	40	42	44	46	48	50	52	54	56	58	60	62	64	66	68	70	72	74	76
16_HS_S5_R2_001_val_2	1958.0	2112.0	2457.0	2327.0	2475.0	2172.0	2103.0	2015.0	1811.0	1822.0	1911.0	1973.0	2091.0	2172.0	2318.0	2586.0	2781.0	3075.0	3311.0	3800.0	4023.0	5392.0	7174.0	10764.0	40075.0	132607.0	2882007.0	7015076.0	4145979.0
	20	22	24	26	28	30	32	34	36	38	40	42	44	46	48	50	52	54	56	58	60	62	64	66	68	70	72	74	76
16_P_CV_S26_R1_001_val_1	2109.0	5547.0	17980.0	29927.0	44996.0	65962.0	93339.0	101445.0	111002.0	130129.0	144552.0	137999.0	129649.0	130790.0	143153.0	189229.0	201369.0	171647.0	154549.0	154126.0	155412.0	154646.0	154180.0	187079.0	714876.0	919485.0	3130245.0	230085.0	6973402.0
	20	22	24	26	28	30	32	34	36	38	40	42	44	46	48	50	52	54	56	58	60	62	64	66	68	70	72	74	76
16_P_CV_S26_R2_001_val_2	2079.0	2118.0	2569.0	2301.0	2356.0	2215.0	2088.0	2030.0	2000.0	1923.0	1941.0	2069.0	2134.0	2269.0	2388.0	2730.0	2901.0	3194.0	3492.0	3894.0	4333.0	5570.0	7243.0	11056.0	38862.0	125423.0	2990363.0	7263360.0	4284008.0
	20	22	24	26	28	30	32	34	36	38	40	42	44	46	48	50	52	54	56	58	60	62	64	66	68	70	72	74	76
16_R_TG_S12_R1_001_val_1	3054.0	9788.0	35468.0	63841.0	95530.0	134571.0	186957.0	204957.0	218063.0	251347.0	282212.0	270754.0	251083.0	248721.0	270483.0	351333.0	379915.0	325295.0	285185.0	276330.0	273667.0	271522.0	266661.0	313351.0	1102823.0	1497326.0	4597765.0	337926.0	10044024.0
	20	22	24	26	28	30	32	34	36	38	40	42	44	46	48	50	52	54	56	58	60	62	64	66	68	70	72	74	76
16_R_TG_S12_R2_001_val_2	3055.0	3222.0	3877.0	3406.0	3581.0	3138.0	3095.0	3032.0	2697.0	2745.0	2880.0	2977.0	3096.0	3243.0	3551.0	3905.0	4404.0	4634.0	4989.0	5733.0	6352.0	8220.0	11043.0	16652.0	67085.0	220931.0	4448434.0	11228039.0	6771936.0
	20	22	24	26	28	30	32	34	36	38	40	42	44	46	48	50	52	54	56	58	60	62	64	66	68	70	72	74	76
17_HS_S6_R1_001_val_1	5165.0	14796.0	51214.0	91240.0	134294.0	188986.0	264744.0	282810.0	293283.0	332573.0	362403.0	341679.0	313110.0	303623.0	325055.0	421394.0	439291.0	369880.0	323096.0	310703.0	306653.0	301807.0	291219.0	350556.0	1270418.0	1628150.0	5028615.0	377515.0	11050940.0
	20	22	24	26	28	30	32	34	36	38	40	42	44	46	48	50	52	54	56	58	60	62	64	66	68	70	72	74	76
17_HS_S6_R2_001_val_2	3516.0	3479.0	4169.0	3939.0	4158.0	3825.0	3517.0	3454.0	3261.0	3241.0	3277.0	3617.0	3690.0	3724.0	3986.0	4564.0	5040.0	5363.0	5800.0	6685.0	7672.0	9847.0	12849.0	19589.0	87529.0	288153.0	5172119.0	12598841.0	7496308.0
	20	22	24	26	28	30	32	34	36	38	40	42	44	46	48	50	52	54	56	58	60	62	64	66	68	70	72	74	76
17_P_FA_S27_R1_001_val_1	1818.0	5971.0	18529.0	34964.0	50006.0	67699.0	81417.0	89774.0	98056.0	109037.0	116499.0	121435.0	125731.0	125522.0	128158.0	141421.0	151285.0	148870.0	146911.0	150072.0	151716.0	153834.0	153980.0	162928.0	252722.0	422307.0	1906013.0	153412.0	4902613.0
	20	22	24	26	28	30	32	34	36	38	40	42	44	46	48	50	52	54	56	58	60	62	64	66	68	70	72	74	76
17_P_FA_S27_R2_001_val_2	2154.0	2198.0	2686.0	2351.0	2557.0	2292.0	2268.0	2038.0	2079.0	1870.0	2094.0	2198.0	2261.0	2496.0	2518.0	2956.0	3200.0	3533.0	3465.0	3805.0	4369.0	5234.0	6821.0	10179.0	33864.0	106546.0	2042498.0	4987903.0	2924267.0
	20	22	24	26	28	30	32	34	36	38	40	42	44	46	48	50	52	54	56	58	60	62	64	66	68	70	72	74	76
17_R_SN_S13_R1_001_val_1	3273.0	9328.0	32467.0	58740.0	88535.0	125888.0	177420.0	193250.0	202611.0	230570.0	253400.0	241962.0	223176.0	222337.0	240404.0	310829.0	326166.0	276573.0	241822.0	232937.0	230159.0	229718.0	223158.0	266317.0	943498.0	1234586.0	3794651.0	279750.0	8342889.0
	20	22	24	26	28	30	32	34	36	38	40	42	44	46	48	50	52	54	56	58	60	62	64	66	68	70	72	74	76
17_R_SN_S13_R2_001_val_2	2893.0	2977.0	3557.0	3280.0	3396.0	3118.0	2845.0	2850.0	2636.0	2654.0	2746.0	2826.0	2920.0	2955.0	3145.0	3587.0	3901.0	4118.0	4352.0	4990.0	5618.0	7077.0	9333.0	14357.0	60166.0	196956.0	3779272.0	9440668.0	5657221.0
	20	22	24	26	28	30	32	34	36	38	40	42	44	46	48	50	52	54	56	58	60	62	64	66	68	70	72	74	76
18_HS_S7_R1_001_val_1	4203.0	11499.0	38984.0	67683.0	99303.0	140072.0	195735.0	206386.0	220595.0	255090.0	279733.0	263205.0	244203.0	242727.0	262878.0	348937.0	357012.0	301817.0	265613.0	254596.0	253123.0	250174.0	243337.0	294154.0	1077583.0	1253024.0	3663383.0	268959.0	8083191.0
	20	22	24	26	28	30	32	34	36	38	40	42	44	46	48	50	52	54	56	58	60	62	64	66	68	70	72	74	76
18_HS_S7_R2_001_val_2	2420.0	2568.0	3110.0	2863.0	2993.0	2586.0	2660.0	2465.0	2307.0	2541.0	2507.0	2561.0	2724.0	2735.0	2927.0	3434.0	3874.0	3967.0	4362.0	4937.0	5486.0	6954.0	9314.0	14076.0	64613.0	212594.0	4047280.0	9488118.0	5538223.0
	20	22	24	26	28	30	32	34	36	38	40	42	44	46	48	50	52	54	56	58	60	62	64	66	68	70	72	74	76
18_P_CD_S28_R1_001_val_1	2541.0	7728.0	23111.0	42521.0	64979.0	92729.0	122562.0	131875.0	140159.0	160974.0	178201.0	179012.0	170806.0	168395.0	190379.0	261648.0	270432.0	222873.0	197650.0	199425.0	206761.0	209854.0	205132.0	240666.0	800571.0	1190093.0	3695426.0	285405.0	8149864.0
	20	22	24	26	28	30	32	34	36	38	40	42	44	46	48	50	52	54	56	58	60	62	64	66	68	70	72	74	76
18_P_CD_S28_R2_001_val_2	2544.0	2681.0	3300.0	2894.0	3326.0	2861.0	2906.0	2514.0	2474.0	2422.0	2496.0	2737.0	2842.0	2903.0	3137.0	3490.0	3942.0	4160.0	4430.0	4859.0	5457.0	7022.0	9541.0	14108.0	50492.0	159834.0	3336741.0	8776520.0	5389139.0
	20	22	24	26	28	30	32	34	36	38	40	42	44	46	48	50	52	54	56	58	60	62	64	66	68	70	72	74	76
18_R_GS_S14_R1_001_val_1	2482.0	6660.0	23602.0	42676.0	62720.0	88129.0	122927.0	134806.0	141375.0	161373.0	179201.0	172372.0	159981.0	155671.0	170240.0	220829.0	237802.0	205618.0	178808.0	173000.0	171935.0	172166.0	167462.0	195743.0	681355.0	949777.0	2941303.0	215998.0	6388457.0
	20	22	24	26	28	30	32	34	36	38	40	42	44	46	48	50	52	54	56	58	60	62	64	66	68	70	72	74	76
18_R_GS_S14_R2_001_val_2	2270.0	2184.0	2719.0	2391.0	2482.0	2350.0	2077.0	1977.0	1835.0	1863.0	1949.0	2074.0	2131.0	2143.0	2320.0	2692.0	2876.0	3040.0	3428.0	3804.0	4314.0	5626.0	7358.0	10894.0	43004.0	141897.0	2744018.0	7110248.0	4408504.0
	20	22	24	26	28	30	32	34	36	38	40	42	44	46	48	50	52	54	56	58	60	62	64	66	68	70	72	74	76
19_P_CS_S29_R1_001_val_1	2754.0	7011.0	23506.0	43097.0	65882.0	96401.0	136888.0	151474.0	160019.0	185898.0	208070.0	202373.0	191314.0	191583.0	210794.0	280514.0	298418.0	255864.0	222870.0	218343.0	222271.0	223751.0	217058.0	256443.0	930341.0	1297714.0	4101284.0	300390.0	9012316.0
	20	22	24	26	28	30	32	34	36	38	40	42	44	46	48	50	52	54	56	58	60	62	64	66	68	70	72	74	76
19_P_CS_S29_R2_001_val_2	2613.0	2504.0	3086.0	2830.0	2912.0	2768.0	2627.0	2628.0	2478.0	2526.0	2563.0	2609.0	2755.0	2829.0	3059.0	3441.0	3756.0	3991.0	4375.0	4887.0	5725.0	7155.0	9431.0	14337.0	51664.0	171409.0	3762776.0	9708323.0	5922584.0
	20	22	24	26	28	30	32	34	36	38	40	42	44	46	48	50	52	54	56	58	60	62	64	66	68	70	72	74	76
19_R_AG_S15_R1_001_val_1	3193.0	9930.0	28951.0	47569.0	68143.0	94408.0	126243.0	133830.0	139768.0	161019.0	180305.0	178491.0	168865.0	162692.0	170845.0	224620.0	240818.0	209077.0	180968.0	174900.0	177424.0	183990.0	181201.0	207476.0	681383.0	926270.0	2795118.0	215380.0	6145926.0
	20	22	24	26	28	30	32	34	36	38	40	42	44	46	48	50	52	54	56	58	60	62	64	66	68	70	72	74	76
19_R_AG_S15_R2_001_val_2	2117.0	2071.0	2809.0	2248.0	2528.0	2173.0	2044.0	1844.0	1778.0	1746.0	1916.0	2044.0	2115.0	2170.0	2348.0	2597.0	3000.0	3089.0	3608.0	4153.0	4544.0	5770.0	7427.0	11020.0	44424.0	143024.0	2719513.0	6964323.0	4270360.0
	20	22	24	26	28	30	32	34	36	38	40	42	44	46	48	50	52	54	56	58	60	62	64	66	68	70	72	74
1AF_S1_R1_001_val_1	3895.0	5131.0	20189.0	52688.0	93274.0	143929.0	211289.0	267183.0	283816.0	320885.0	371318.0	374159.0	343395.0	321322.0	326087.0	384317.0	465241.0	436991.0	367011.0	340488.0	332292.0	327977.0	325549.0	390156.0	1603192.0	6998604.0	1406916.0	13568387.0
	20	22	24	26	28	30	32	34	36	38	40	42	44	46	48	50	52	54	56	58	60	62	64	66	68	70	72	74
1AF_S1_R2_001_val_2	10518.0	11401.0	11249.0	10947.0	10832.0	11212.0	11403.0	10941.0	11871.0	11737.0	11383.0	11773.0	11998.0	13074.0	14160.0	14972.0	15864.0	16993.0	19568.0	23060.0	28523.0	39739.0	57205.0	105545.0	306190.0	3586952.0	15454406.0	10242165.0
	20	22	24	26	28	30	32	34	36	38	40	42	44	46	48	50	52	54	56	58	60	62	64	66	68	70	72	74
1HS_S6_R1_001_val_1	2354.0	3958.0	17299.0	40494.0	69294.0	107540.0	157891.0	191210.0	199675.0	246666.0	275159.0	272303.0	246584.0	240690.0	246332.0	313467.0	360418.0	319792.0	275924.0	263609.0	262961.0	258013.0	255902.0	322238.0	1509320.0	5806109.0	1131556.0	11329179.0
	20	22	24	26	28	30	32	34	36	38	40	42	44	46	48	50	52	54	56	58	60	62	64	66	68	70	72	74
1HS_S6_R2_001_val_2	9318.0	10027.0	9832.0	9509.0	9377.0	9827.0	9756.0	9276.0	9998.0	9905.0	9889.0	9995.0	10180.0	10972.0	11809.0	12585.0	13312.0	14049.0	15768.0	18649.0	23342.0	32160.0	46261.0	86023.0	251714.0	3429301.0	12691977.0	7941126.0
	20	22	24	26	28	30	32	34	36	38	40	42	44	46	48	50	52	54	56	58	60	62	64	66	68	70	72	74	76
1MRLA_S9_R1_001_val_1	2932.0	3577.0	13315.0	33731.0	58272.0	91349.0	135267.0	171133.0	184519.0	214679.0	249323.0	252564.0	239441.0	231980.0	240778.0	287480.0	344961.0	322476.0	275666.0	258939.0	260148.0	263197.0	256362.0	288149.0	754179.0	1832060.0	5243921.0	1883042.0	10418592.0
	20	22	24	26	28	30	32	34	36	38	40	42	44	46	48	50	52	54	56	58	60	62	64	66	68	70	72	74	76
1MRLA_S9_R2_001_val_2	8080.0	8469.0	8734.0	8875.0	9074.0	9025.0	9115.0	8601.0	9037.0	9089.0	9131.0	9342.0	9502.0	10394.0	10878.0	11697.0	12812.0	13812.0	15383.0	18141.0	21635.0	27450.0	37844.0	56574.0	109982.0	334247.0	3176457.0	12583566.0	8255086.0
	20	22	24	26	28	30	32	34	36	38	40	42	44	46	48	50	52	54	56	58	60	62	64	66	68	70	72	74	76
1PEM_S1_R1_001_val_1	2256.0	3013.0	12051.0	29647.0	49603.0	75528.0	112553.0	140498.0	150341.0	178000.0	204769.0	205131.0	195062.0	190395.0	194992.0	239193.0	282666.0	257639.0	222142.0	210766.0	211890.0	214842.0	209378.0	239566.0	644809.0	1468635.0	4168130.0	1480871.0	8329151.0
	20	22	24	26	28	30	32	34	36	38	40	42	44	46	48	50	52	54	56	58	60	62	64	66	68	70	72	74	76
1PEM_S1_R2_001_val_2	6710.0	6892.0	6905.0	7222.0	7330.0	7202.0	7297.0	7039.0	7307.0	7164.0	7325.0	7292.0	7430.0	8199.0	8541.0	9225.0	10089.0	11045.0	12239.0	14144.0	17167.0	22009.0	30049.0	45123.0	89858.0	276132.0	2688021.0	10056117.0	6532444.0
	20	22	24	26	28	30	32	34	36	38	40	42	44	46	48	50	52	54	56	58	60	62	64	66	68	70	72	74	76
1RDAS_S11_R1_001_val_1	2292.0	3225.0	13975.0	32425.0	54314.0	86222.0	130108.0	161089.0	175312.0	215406.0	242739.0	240784.0	226733.0	229495.0	235381.0	297452.0	337605.0	300009.0	260882.0	251149.0	252642.0	253341.0	247226.0	286625.0	833051.0	1662170.0	4626002.0	1664769.0	9346196.0
	20	22	24	26	28	30	32	34	36	38	40	42	44	46	48	50	52	54	56	58	60	62	64	66	68	70	72	74	76
1RDAS_S11_R2_001_val_2	7886.0	8056.0	8206.0	8473.0	8594.0	8490.0	8468.0	8272.0	8794.0	8480.0	8513.0	8584.0	8992.0	9433.0	10178.0	10800.0	11723.0	12776.0	13828.0	16028.0	19470.0	24836.0	34405.0	50745.0	102854.0	319873.0	3293156.0	11346758.0	7281948.0
	20	22	24	26	28	30	32	34	36	38	40	42	44	46	48	50	52	54	56	58	60	62	64	66	68	70	72	74	76
20_P_ES_S30_R1_001_val_1	2425.0	7339.0	23337.0	42308.0	64493.0	93570.0	125723.0	135398.0	145833.0	167611.0	185823.0	186396.0	179168.0	178369.0	203032.0	278298.0	282820.0	233408.0	208880.0	207000.0	214691.0	218789.0	212727.0	252863.0	858596.0	1201906.0	3652972.0	275459.0	8053514.0
	20	22	24	26	28	30	32	34	36	38	40	42	44	46	48	50	52	54	56	58	60	62	64	66	68	70	72	74	76
20_P_ES_S30_R2_001_val_2	2673.0	2819.0	3500.0	3059.0	3328.0	2971.0	2808.0	2615.0	2364.0	2510.0	2517.0	2787.0	2818.0	2834.0	2943.0	3447.0	3909.0	4019.0	4370.0	4864.0	5370.0	6930.0	8937.0	14002.0	50126.0	159049.0	3451053.0	8805028.0	5329098.0
	20	22	24	26	28	30	32	34	36	38	40	42	44	46	48	50	52	54	56	58	60	62	64	66	68	70	72	74	76
21_P_ME_S31_R1_001_val_1	5836.0	12976.0	40767.0	69548.0	103370.0	146008.0	203970.0	218602.0	227828.0	260859.0	285703.0	272423.0	253134.0	251548.0	272718.0	359932.0	375638.0	315656.0	274238.0	266376.0	270230.0	271186.0	261808.0	310973.0	1130756.0	1485905.0	4686492.0	354182.0	10377157.0
	20	22	24	26	28	30	32	34	36	38	40	42	44	46	48	50	52	54	56	58	60	62	64	66	68	70	72	74	76
21_P_ME_S31_R2_001_val_2	3083.0	3089.0	3703.0	3630.0	3793.0	3471.0	3316.0	3272.0	3004.0	3148.0	3174.0	3322.0	3334.0	3592.0	3715.0	4272.0	4825.0	4953.0	5480.0	6180.0	6954.0	9026.0	11609.0	17959.0	71257.0	233394.0	4559487.0	11413754.0	6966023.0
	20	22	24	26	28	30	32	34	36	38	40	42	44	46	48	50	52	54	56	58	60	62	64	66	68	70	72	74	76
22_P_CE_S32_R1_001_val_1	2131.0	6442.0	23458.0	45084.0	69112.0	102148.0	148829.0	167193.0	181401.0	213796.0	240630.0	235090.0	220757.0	219219.0	237080.0	310021.0	335412.0	292124.0	259346.0	250134.0	249308.0	249117.0	242303.0	286734.0	1006340.0	1369964.0	4200480.0	310972.0	9196430.0
	20	22	24	26	28	30	32	34	36	38	40	42	44	46	48	50	52	54	56	58	60	62	64	66	68	70	72	74	76
22_P_CE_S32_R2_001_val_2	2849.0	2865.0	3557.0	3052.0	3198.0	2875.0	2645.0	2585.0	2445.0	2438.0	2498.0	2727.0	2889.0	2871.0	3142.0	3577.0	3907.0	4084.0	4532.0	5198.0	5939.0	7584.0	10202.0	15154.0	55836.0	185793.0	4010873.0	10182629.0	6133111.0
	20	22	24	26	28	30	32	34	36	38	40	42	44	46	48	50	52	54	56	58	60	62	64	66	68	70	72	74	76
23_P_FA_S33_R1_001_val_1	2445.0	6658.0	22417.0	42602.0	68227.0	103180.0	146711.0	163659.0	175835.0	204309.0	227567.0	221137.0	207595.0	206892.0	227965.0	300336.0	321896.0	272669.0	235517.0	229290.0	233004.0	236051.0	227432.0	269945.0	979377.0	1376407.0	4389068.0	317861.0	9611069.0
	20	22	24	26	28	30	32	34	36	38	40	42	44	46	48	50	52	54	56	58	60	62	64	66	68	70	72	74	76
23_P_FA_S33_R2_001_val_2	3428.0	3268.0	4026.0	3538.0	3767.0	3480.0	3308.0	3168.0	3023.0	3033.0	3126.0	3259.0	3375.0	3436.0	3662.0	3939.0	4502.0	4621.0	5266.0	5734.0	6342.0	8080.0	11080.0	16690.0	58563.0	191517.0	4083172.0	10355933.0	6220785.0
	20	22	24	26	28	30	32	34	36	38	40	42	44	46	48	50	52	54	56	58	60	62	64	66	68	70	72	74
2AF_S2_R1_001_val_1	3841.0	4648.0	19624.0	48950.0	85632.0	132742.0	195486.0	242248.0	252681.0	299056.0	339829.0	337838.0	306000.0	289227.0	295348.0	362333.0	427531.0	384200.0	323825.0	303819.0	302020.0	300106.0	295153.0	358016.0	1571122.0	6404355.0	1244427.0	12448602.0
	20	22	24	26	28	30	32	34	36	38	40	42	44	46	48	50	52	54	56	58	60	62	64	66	68	70	72	74
2AF_S2_R2_001_val_2	10024.0	10700.0	10520.0	10250.0	9990.0	10257.0	10402.0	10258.0	10785.0	10469.0	10680.0	10584.0	10841.0	11819.0	12935.0	13760.0	14484.0	15504.0	17549.0	20685.0	25779.0	35173.0	51343.0	95575.0	282960.0	3553831.0	14129200.0	9162302.0
	20	22	24	26	28	30	32	34	36	38	40	42	44	46	48	50	52	54	56	58	60	62	64	66	68	70	72	74
2HS_S7_R1_001_val_1	3198.0	3919.0	14974.0	39433.0	68060.0	107246.0	161151.0	206800.0	224129.0	260450.0	308930.0	315487.0	293821.0	274812.0	278867.0	326670.0	398076.0	383427.0	322420.0	297067.0	293105.0	291935.0	293691.0	353236.0	1447691.0	6401349.0	1286189.0	12508828.0
	20	22	24	26	28	30	32	34	36	38	40	42	44	46	48	50	52	54	56	58	60	62	64	66	68	70	72	74
2HS_S7_R2_001_val_2	9773.0	10746.0	10550.0	9857.0	9930.0	10280.0	10445.0	10042.0	10695.0	10636.0	10506.0	10644.0	10593.0	11717.0	12676.0	13509.0	14956.0	15723.0	17591.0	20451.0	25569.0	35037.0	51213.0	91615.0	259616.0	3218496.0	13956877.0	9285218.0
	20	22	24	26	28	30	32	34	36	38	40	42	44	46	48	50	52	54	56	58	60	62	64	66	68	70	72	74	76
2MRPF_S10_R1_001_val_1	2567.0	3983.0	16083.0	36688.0	59941.0	90808.0	131499.0	158840.0	168595.0	203857.0	228046.0	226911.0	213187.0	210845.0	215312.0	267425.0	310497.0	278915.0	241002.0	228929.0	230145.0	232491.0	227998.0	263549.0	749984.0	1581892.0	4571127.0	1623225.0	9211264.0
	20	22	24	26	28	30	32	34	36	38	40	42	44	46	48	50	52	54	56	58	60	62	64	66	68	70	72	74	76
2MRPF_S10_R2_001_val_2	7254.0	7850.0	7902.0	8101.0	8222.0	8318.0	7967.0	7893.0	8231.0	8071.0	8349.0	8646.0	8710.0	9434.0	9893.0	10487.0	11658.0	12750.0	13916.0	16080.0	19733.0	25198.0	34546.0	50706.0	102852.0	318296.0	3211927.0	11011307.0	7021308.0
	20	22	24	26	28	30	32	34	36	38	40	42	44	46	48	50	52	54	56	58	60	62	64	66	68	70	72	74	76
2PSL_S2_R1_001_val_1	2139.0	3352.0	13823.0	31643.0	53714.0	82977.0	122455.0	147278.0	155961.0	191048.0	213509.0	212094.0	197770.0	198107.0	205340.0	261816.0	299657.0	264496.0	231598.0	219593.0	220940.0	223939.0	221005.0	255656.0	764771.0	1549872.0	4431365.0	1549411.0	8935587.0
	20	22	24	26	28	30	32	34	36	38	40	42	44	46	48	50	52	54	56	58	60	62	64	66	68	70	72	74	76
2PSL_S2_R2_001_val_2	7395.0	7344.0	7393.0	7666.0	7641.0	7568.0	7554.0	7430.0	7655.0	7515.0	7590.0	7759.0	7820.0	8729.0	9261.0	9815.0	10588.0	11485.0	12702.0	14787.0	18125.0	23241.0	32186.0	47663.0	97827.0	302509.0	3085236.0	10639106.0	6839326.0
	20	22	24	26	28	30	32	34	36	38	40	42	44	46	48	50	52	54	56	58	60	62	64	66	68	70	72	74	76
2RDAM_S12_R1_001_val_1	1556.0	1892.0	6684.0	18043.0	32523.0	52749.0	83517.0	111540.0	127443.0	153837.0	185754.0	194051.0	188369.0	183682.0	190368.0	221352.0	269116.0	265670.0	231365.0	217093.0	220898.0	226693.0	224951.0	250321.0	639033.0	1642776.0	4871106.0	1737018.0	9679680.0
	20	22	24	26	28	30	32	34	36	38	40	42	44	46	48	50	52	54	56	58	60	62	64	66	68	70	72	74	76
2RDAM_S12_R2_001_val_2	7251.0	7452.0	7529.0	8101.0	8110.0	7935.0	7770.0	7855.0	8208.0	8219.0	8316.0	8235.0	8519.0	9157.0	9772.0	10561.0	11441.0	12486.0	13409.0	15689.0	19111.0	24317.0	33480.0	49873.0	92624.0	271402.0	2720076.0	11333876.0	7498306.0
	20	22	24	26	28	30	32	34	36	38	40	42	44	46	48	50	52	54	56	58	60	62	64	66	68	70	72	74
3HS_S8_R1_001_val_1	2884.0	3796.0	15950.0	39243.0	69028.0	107333.0	160035.0	197771.0	207846.0	246121.0	282842.0	282797.0	258869.0	247224.0	255032.0	311663.0	368077.0	333823.0	281511.0	265948.0	262750.0	260638.0	257968.0	310967.0	1320097.0	5382852.0	1045606.0	10413465.0
	20	22	24	26	28	30	32	34	36	38	40	42	44	46	48	50	52	54	56	58	60	62	64	66	68	70	72	74
3HS_S8_R2_001_val_2	8535.0	9255.0	9178.0	8669.0	8491.0	8624.0	9072.0	8721.0	9130.0	8988.0	9171.0	9182.0	9214.0	9955.0	10953.0	11316.0	12343.0	12963.0	14536.0	17188.0	21355.0	29664.0	43086.0	80326.0	236285.0	2999032.0	11921659.0	7655245.0
	20	22	24	26	28	30	32	34	36	38	40	42	44	46	48	50	52	54	56	58	60	62	64	66	68	70	72	74	76
3PDR_S3_R1_001_val_1	2407.0	3493.0	14145.0	34022.0	56539.0	87618.0	129167.0	159400.0	171205.0	203700.0	231761.0	233076.0	219051.0	214335.0	220665.0	269812.0	320615.0	293294.0	252066.0	237873.0	240239.0	242096.0	237381.0	270009.0	742282.0	1718674.0	5087177.0	1782376.0	10237101.0
	20	22	24	26	28	30	32	34	36	38	40	42	44	46	48	50	52	54	56	58	60	62	64	66	68	70	72	74	76
3PDR_S3_R2_001_val_2	7801.0	8193.0	7999.0	8205.0	8527.0	8347.0	8417.0	8264.0	8599.0	8525.0	8728.0	8816.0	9014.0	9863.0	10387.0	11213.0	11815.0	13157.0	14420.0	16492.0	20591.0	26048.0	35964.0	53547.0	106085.0	325273.0	3208531.0	12028329.0	7910429.0
	20	22	24	26	28	30	32	34	36	38	40	42	44	46	48	50	52	54	56	58	60	62	64	66	68	70	72	74	76
3RAM_S13_R1_001_val_1	2722.0	4933.0	20247.0	48322.0	78298.0	114566.0	163446.0	198582.0	203689.0	232177.0	261112.0	257764.0	241185.0	235075.0	240904.0	293084.0	344654.0	313810.0	266433.0	249577.0	250022.0	252234.0	246418.0	276583.0	744686.0	1716010.0	4834504.0	1704295.0	9586091.0
	20	22	24	26	28	30	32	34	36	38	40	42	44	46	48	50	52	54	56	58	60	62	64	66	68	70	72	74	76
3RAM_S13_R2_001_val_2	7877.0	8063.0	7969.0	8503.0	8640.0	8427.0	8519.0	8236.0	8534.0	8637.0	8583.0	8889.0	9053.0	9640.0	10170.0	11137.0	11917.0	13005.0	14061.0	16382.0	20303.0	25928.0	36024.0	53222.0	108965.0	339220.0	3095411.0	11782804.0	7723304.0
	20	22	24	26	28	30	32	34	36	38	40	42	44	46	48	50	52	54	56	58	60	62	64	66	68	70	72	74	76
3_MR_MF_S16_R1_001_val_1	5341.0	10771.0	32371.0	57348.0	87620.0	126088.0	181938.0	200326.0	211919.0	243087.0	266731.0	255670.0	236606.0	237984.0	259667.0	337589.0	354434.0	302664.0	265888.0	257038.0	256984.0	254635.0	244393.0	293116.0	1057694.0	1393468.0	4223964.0	319314.0	9250516.0
	20	22	24	26	28	30	32	34	36	38	40	42	44	46	48	50	52	54	56	58	60	62	64	66	68	70	72	74	76
3_MR_MF_S16_R2_001_val_2	2476.0	2628.0	3192.0	2873.0	3017.0	2921.0	2724.0	2564.0	2503.0	2600.0	2556.0	2664.0	2899.0	2972.0	3164.0	3629.0	3998.0	4050.0	4655.0	5121.0	5864.0	7656.0	10229.0	15418.0	62732.0	210039.0	4206928.0	10419272.0	6223820.0
	20	22	24	26	28	30	32	34	36	38	40	42	44	46	48	50	52	54	56	58	60	62	64	66	68	70	72	74
4AF_S4_R1_001_val_1	3651.0	4431.0	17585.0	44590.0	76980.0	118678.0	173351.0	218326.0	231657.0	268509.0	310107.0	311923.0	286306.0	266907.0	272682.0	325658.0	393183.0	366282.0	307569.0	286543.0	283533.0	279043.0	278873.0	336596.0	1419140.0	6124855.0	1225625.0	11901773.0
	20	22	24	26	28	30	32	34	36	38	40	42	44	46	48	50	52	54	56	58	60	62	64	66	68	70	72	74
4AF_S4_R2_001_val_2	9335.0	9956.0	9805.0	9540.0	9325.0	9911.0	9800.0	9435.0	9998.0	9971.0	9907.0	10112.0	10174.0	11003.0	11824.0	12634.0	13815.0	14432.0	16545.0	19336.0	24176.0	33458.0	48358.0	89094.0	259517.0	3162398.0	13438624.0	8851873.0
	20	22	24	26	28	30	32	34	36	38	40	42	44	46	48	50	52	54	56	58	60	62	64	66	68	70	72	74
4HS_S9_R1_001_val_1	3573.0	4728.0	19212.0	48823.0	84667.0	130453.0	191952.0	243151.0	259453.0	301669.0	351307.0	357092.0	330878.0	307317.0	311915.0	368855.0	443693.0	416531.0	349253.0	324945.0	319156.0	317349.0	318625.0	377764.0	1538068.0	6529710.0	1302400.0	12713741.0
	20	22	24	26	28	30	32	34	36	38	40	42	44	46	48	50	52	54	56	58	60	62	64	66	68	70	72	74
4HS_S9_R2_001_val_2	9653.0	10688.0	10721.0	10132.0	10084.0	10426.0	10799.0	10245.0	10831.0	10867.0	10815.0	10894.0	11129.0	12245.0	13286.0	14415.0	15330.0	16441.0	17935.0	21087.0	26182.0	36580.0	53749.0	98131.0	287423.0	3503384.0	14512942.0	9499866.0
	20	22	24	26	28	30	32	34	36	38	40	42	44	46	48	50	52	54	56	58	60	62	64	66	68	70	72	74	76
4PSR_S4_R1_001_val_1	2250.0	3285.0	13634.0	33223.0	55877.0	85559.0	127496.0	157206.0	168107.0	202293.0	231573.0	234231.0	219592.0	217712.0	225433.0	280024.0	329581.0	297645.0	255939.0	244857.0	247109.0	251998.0	245013.0	281720.0	783918.0	1741598.0	4956896.0	1770154.0	9929560.0
	20	22	24	26	28	30	32	34	36	38	40	42	44	46	48	50	52	54	56	58	60	62	64	66	68	70	72	74	76
4PSR_S4_R2_001_val_2	7991.0	8297.0	8554.0	8768.0	8894.0	8746.0	8652.0	8593.0	8806.0	8738.0	8851.0	9041.0	9238.0	9981.0	10673.0	11553.0	12314.0	13549.0	14933.0	16724.0	21163.0	26484.0	37103.0	55315.0	108145.0	329978.0	3227882.0	11864493.0	7720024.0
	20	22	24	26	28	30	32	34	36	38	40	42	44	46	48	50	52	54	56	58	60	62	64	66	68	70	72	74	76
4RRS_S14_R1_001_val_1	2036.0	3194.0	13275.0	31610.0	50904.0	77073.0	112195.0	138212.0	149395.0	176480.0	205638.0	210996.0	202849.0	196116.0	199805.0	240348.0	290996.0	274440.0	235242.0	221603.0	223001.0	225601.0	223085.0	250557.0	644122.0	1517242.0	4315960.0	1535631.0	8567207.0
	20	22	24	26	28	30	32	34	36	38	40	42	44	46	48	50	52	54	56	58	60	62	64	66	68	70	72	74	76
4RRS_S14_R2_001_val_2	6864.0	7101.0	7524.0	7491.0	7685.0	7737.0	7518.0	7360.0	7741.0	7626.0	7889.0	7982.0	8092.0	8945.0	9496.0	10071.0	10815.0	12073.0	13049.0	15093.0	18155.0	23492.0	32188.0	47458.0	93122.0	282331.0	2735405.0	10367379.0	6757131.0
	20	22	24	26	28	30	32	34	36	38	40	42	44	46	48	50	52	54	56	58	60	62	64	66	68	70	72	74	76
4_MR_CL_S17_R1_001_val_1	4940.0	11769.0	39132.0	66483.0	96501.0	135938.0	192397.0	209603.0	226699.0	267279.0	302126.0	294283.0	279540.0	282646.0	313459.0	418416.0	447977.0	386266.0	346114.0	342474.0	345507.0	348382.0	346080.0	420000.0	1565370.0	1998972.0	6397610.0	461942.0	14222619.0
	20	22	24	26	28	30	32	34	36	38	40	42	44	46	48	50	52	54	56	58	60	62	64	66	68	70	72	74	76
4_MR_CL_S17_R2_001_val_2	3883.0	4323.0	4995.0	4626.0	5104.0	4603.0	4485.0	4276.0	3990.0	4117.0	4207.0	4321.0	4390.0	4538.0	4829.0	5474.0	6040.0	6458.0	7052.0	8105.0	8931.0	11332.0	14778.0	22162.0	79019.0	260375.0	6252666.0	15148170.0	8873275.0
	20	22	24	26	28	30	32	34	36	38	40	42	44	46	48	50	52	54	56	58	60	62	64	66	68	70	72	74
5AF_S5_R1_001_val_1	1925.0	2664.0	12001.0	29731.0	53124.0	83870.0	126254.0	158007.0	167962.0	204476.0	234771.0	234106.0	213857.0	206720.0	215313.0	269794.0	314997.0	282009.0	242823.0	231233.0	230730.0	231094.0	228713.0	286126.0	1321598.0	5358481.0	1047226.0	10444362.0
	20	22	24	26	28	30	32	34	36	38	40	42	44	46	48	50	52	54	56	58	60	62	64	66	68	70	72	74
5AF_S5_R2_001_val_2	8302.0	8598.0	8369.0	8102.0	7916.0	8247.0	8400.0	8201.0	8590.0	8440.0	8514.0	8552.0	8898.0	9295.0	10212.0	10681.0	11516.0	12356.0	13812.0	16598.0	20630.0	28451.0	41559.0	75203.0	222200.0	3044419.0	11525570.0	7282336.0
	20	22	24	26	28	30	32	34	36	38	40	42	44	46	48	50	52	54	56	58	60	62	64	66	68	70	72	74
5HS_S10_R1_001_val_1	3733.0	4677.0	18253.0	45286.0	77532.0	117596.0	171170.0	212149.0	221743.0	260118.0	298741.0	301280.0	273905.0	258047.0	261501.0	313649.0	374429.0	343201.0	289051.0	271852.0	269898.0	266647.0	265128.0	321696.0	1394044.0	5929260.0	1179472.0	11610553.0
	20	22	24	26	28	30	32	34	36	38	40	42	44	46	48	50	52	54	56	58	60	62	64	66	68	70	72	74
5HS_S10_R2_001_val_2	8984.0	9649.0	9492.0	9304.0	9165.0	9640.0	9545.0	9298.0	9696.0	9626.0	9597.0	9764.0	10061.0	10642.0	11586.0	12487.0	13284.0	14348.0	16043.0	18700.0	23534.0	32240.0	47095.0	87229.0	254964.0	3149192.0	13025079.0	8514367.0
	20	22	24	26	28	30	32	34	36	38	40	42	44	46	48	50	52	54	56	58	60	62	64	66	68	70	72	74	76
5PAM_S5_R1_001_val_1	2825.0	4742.0	19239.0	43512.0	68959.0	102802.0	145990.0	174627.0	182017.0	215617.0	244022.0	244306.0	230343.0	224704.0	230411.0	281517.0	331051.0	301596.0	258009.0	244556.0	246022.0	249423.0	246397.0	281122.0	763978.0	1686999.0	4843792.0	1726673.0	9746379.0
	20	22	24	26	28	30	32	34	36	38	40	42	44	46	48	50	52	54	56	58	60	62	64	66	68	70	72	74	76
5PAM_S5_R2_001_val_2	7720.0	7830.0	8070.0	7937.0	8220.0	8214.0	8166.0	8075.0	8429.0	8275.0	8423.0	8786.0	8822.0	9612.0	10188.0	11187.0	12182.0	13138.0	14301.0	16959.0	20880.0	26727.0	37057.0	54911.0	111627.0	342267.0	3240426.0	11705539.0	7607662.0
	20	22	24	26	28	30	32	34	36	38	40	42	44	46	48	50	52	54	56	58	60	62	64	66	68	70	72	74	76
5ROCA_S15_R1_001_val_1	1640.0	2344.0	9971.0	24069.0	41973.0	66251.0	100601.0	126773.0	138564.0	166383.0	192177.0	195066.0	186831.0	184023.0	192271.0	234719.0	278508.0	256820.0	221825.0	211352.0	214782.0	219166.0	215391.0	247681.0	694184.0	1575242.0	4624319.0	1648947.0	9345996.0
	20	22	24	26	28	30	32	34	36	38	40	42	44	46	48	50	52	54	56	58	60	62	64	66	68	70	72	74	76
5ROCA_S15_R2_001_val_2	7407.0	7617.0	7483.0	7777.0	7866.0	7835.0	7662.0	7705.0	7926.0	7959.0	8051.0	8227.0	8380.0	8988.0	9572.0	10217.0	10938.0	11891.0	13055.0	14963.0	18568.0	23652.0	32907.0	48594.0	94928.0	289565.0	3014284.0	10883256.0	7030596.0
	20	22	24	26	28	30	32	34	36	38	40	42	44	46	48	50	52	54	56	58	60	62	64	66	68	70	72	74	76
5_MR_PC_S18_R1_001_val_1	4407.0	13064.0	47550.0	85589.0	127792.0	183177.0	258113.0	280484.0	295764.0	340144.0	376181.0	356316.0	329209.0	322382.0	346201.0	448866.0	473951.0	400304.0	348438.0	332184.0	326209.0	322352.0	310823.0	361561.0	1238418.0	1600071.0	4567506.0	334483.0	9892054.0
	20	22	24	26	28	30	32	34	36	38	40	42	44	46	48	50	52	54	56	58	60	62	64	66	68	70	72	74	76
5_MR_PC_S18_R2_001_val_2	3902.0	3653.0	4516.0	4040.0	4093.0	3812.0	3504.0	3377.0	3218.0	3226.0	3115.0	3460.0	3549.0	3670.0	3927.0	4270.0	4715.0	5017.0	5575.0	6351.0	6944.0	9123.0	12038.0	17970.0	82395.0	273613.0	4825614.0	11901889.0	7113017.0
	20	22	24	26	28	30	32	34	36	38	40	42	44	46	48	50	52	54	56	58	60	62	64	66	68	70	72	74
6AF_S1_R1_001_val_1	1779.0	4515.0	14984.0	27210.0	44640.0	66905.0	92142.0	100314.0	118097.0	142978.0	164376.0	160943.0	157728.0	160203.0	180736.0	231137.0	247391.0	217677.0	200506.0	199177.0	201300.0	203147.0	200240.0	267156.0	927991.0	2166433.0	2825100.0	8996648.0
	20	22	24	26	28	30	32	34	36	38	40	42	44	46	48	50	52	54	56	58	60	62	64	66	68	70	72	74
6AF_S1_R2_001_val_2	5246.0	5455.0	6469.0	8536.0	9521.0	8061.0	6636.0	6798.0	7971.0	8704.0	8014.0	7605.0	7899.0	8825.0	9728.0	10382.0	10806.0	11579.0	13643.0	16444.0	21176.0	27157.0	37685.0	61402.0	173466.0	985736.0	7603959.0	9232550.0
	20	22	24	26	28	30	32	34	36	38	40	42	44	46	48	50	52	54	56	58	60	62	64	66	68	70	72	74	76
6PAG_S6_R1_001_val_1	2287.0	3173.0	12494.0	30858.0	53070.0	81598.0	119925.0	151884.0	163647.0	187415.0	218207.0	221412.0	210722.0	205677.0	213402.0	254918.0	308852.0	290978.0	247308.0	229929.0	232432.0	236156.0	230992.0	256983.0	647217.0	1589644.0	4570849.0	1615644.0	8945607.0
	20	22	24	26	28	30	32	34	36	38	40	42	44	46	48	50	52	54	56	58	60	62	64	66	68	70	72	74	76
6PAG_S6_R2_001_val_2	6887.0	7409.0	7296.0	7553.0	7690.0	7727.0	7847.0	7650.0	7964.0	8072.0	7891.0	8118.0	8268.0	9059.0	9498.0	10171.0	10966.0	11836.0	13337.0	15772.0	19169.0	24399.0	33740.0	49965.0	97401.0	292556.0	2703799.0	10918543.0	7212697.0
	20	22	24	26	28	30	32	34	36	38	40	42	44	46	48	50	52	54	56	58	60	62	64	66	68	70	72	74
6R_FD_S15_R1_001_val_1	885.0	2668.0	9142.0	16946.0	27446.0	42062.0	57772.0	64609.0	77739.0	94739.0	110481.0	108764.0	108100.0	110327.0	125713.0	162538.0	174643.0	155161.0	143176.0	142353.0	143448.0	146481.0	145474.0	194290.0	671171.0	1524682.0	1989502.0	6306977.0
	20	22	24	26	28	30	32	34	36	38	40	42	44	46	48	50	52	54	56	58	60	62	64	66	68	70	72	74
6R_FD_S15_R2_001_val_2	4046.0	4115.0	5130.0	6374.0	7347.0	5909.0	4931.0	5114.0	5892.0	6208.0	5847.0	5421.0	5840.0	6252.0	7015.0	7551.0	7841.0	8191.0	9700.0	11882.0	14926.0	18922.0	26322.0	43102.0	119778.0	695982.0	5436998.0	6370653.0
	20	22	24	26	28	30	32	34	36	38	40	42	44	46	48	50	52	54	56	58	60	62	64	66	68	70	72	74	76
6_MR_PM_S19_R1_001_val_1	2744.0	8181.0	26181.0	45432.0	66928.0	94513.0	129796.0	140853.0	148281.0	170655.0	191283.0	185292.0	175137.0	172603.0	188031.0	244462.0	261576.0	225691.0	198156.0	191900.0	191852.0	193782.0	189629.0	222083.0	751941.0	1041752.0	3221907.0	239883.0	7026440.0
	20	22	24	26	28	30	32	34	36	38	40	42	44	46	48	50	52	54	56	58	60	62	64	66	68	70	72	74	76
6_MR_PM_S19_R2_001_val_2	2255.0	2366.0	2998.0	2477.0	2721.0	2510.0	2339.0	2191.0	2025.0	2150.0	2133.0	2377.0	2401.0	2391.0	2555.0	2808.0	3276.0	3585.0	3847.0	4343.0	4729.0	6289.0	7967.0	12131.0	46892.0	154247.0	3026463.0	7833261.0	4801237.0
	20	22	24	26	28	30	32	34	36	38	40	42	44	46	48	50	52	54	56	58	60	62	64	66	68	70	72	74
7AF_S2_R1_001_val_1	1105.0	2820.0	8924.0	17156.0	28806.0	44283.0	61539.0	69965.0	81945.0	100168.0	118238.0	118622.0	118338.0	120971.0	137118.0	177238.0	197029.0	177780.0	162176.0	160880.0	163151.0	168033.0	164915.0	218429.0	744924.0	1838632.0	2381838.0	7586045.0
	20	22	24	26	28	30	32	34	36	38	40	42	44	46	48	50	52	54	56	58	60	62	64	66	68	70	72	74
7AF_S2_R2_001_val_2	4640.0	4669.0	5637.0	7304.0	8345.0	6985.0	5883.0	5962.0	6870.0	7564.0	6754.0	6604.0	6735.0	7348.0	8176.0	8950.0	9061.0	9911.0	11530.0	13972.0	17798.0	23437.0	32146.0	52233.0	140151.0	803958.0	6120356.0	7828089.0
	20	22	24	26	28	30	32	34	36	38	40	42	44	46	48	50	52	54	56	58	60	62	64	66	68	70	72	74	76
7PIL_S7_R1_001_val_1	3089.0	4138.0	16393.0	39797.0	67885.0	105733.0	155941.0	192214.0	203129.0	238888.0	272980.0	272469.0	253877.0	249784.0	256747.0	318524.0	370208.0	334955.0	289881.0	273879.0	273473.0	275527.0	267867.0	305276.0	861955.0	1939693.0	5645062.0	1994665.0	11417258.0
	20	22	24	26	28	30	32	34	36	38	40	42	44	46	48	50	52	54	56	58	60	62	64	66	68	70	72	74	76
7PIL_S7_R2_001_val_2	8809.0	9096.0	9164.0	9390.0	9602.0	9314.0	9221.0	9187.0	9781.0	9506.0	9638.0	9753.0	9884.0	10953.0	11831.0	12419.0	13345.0	14793.0	16068.0	18706.0	22729.0	29034.0	39952.0	60289.0	119765.0	367965.0	3610346.0	13510652.0	8920095.0
	20	22	24	26	28	30	32	34	36	38	40	42	44	46	48	50	52	54	56	58	60	62	64	66	68	70	72	74
7R_FV_S16_R1_001_val_1	892.0	2223.0	6796.0	12193.0	19600.0	29791.0	40644.0	45041.0	53763.0	65215.0	75744.0	75319.0	74332.0	75019.0	84041.0	109528.0	117116.0	104255.0	96129.0	95467.0	96288.0	98834.0	98365.0	131705.0	459009.0	1063611.0	1400815.0	4457231.0
	20	22	24	26	28	30	32	34	36	38	40	42	44	46	48	50	52	54	56	58	60	62	64	66	68	70	72	74
7R_FV_S16_R2_001_val_2	2844.0	2938.0	3540.0	4452.0	5088.0	4215.0	3508.0	3635.0	4139.0	4494.0	4288.0	3974.0	4274.0	4551.0	5025.0	5330.0	5375.0	5865.0	6854.0	8434.0	10651.0	13584.0	18820.0	30476.0	84925.0	487990.0	3783268.0	4466429.0
	20	22	24	26	28	30	32	34	36	38	40	42	44	46	48	50	52	54	56	58	60	62	64	66	68	70	72	74	76
7_MR_RC_S20_R1_001_val_1	4660.0	8575.0	22172.0	36936.0	54128.0	76801.0	109142.0	119278.0	127025.0	147678.0	164614.0	158244.0	149049.0	147223.0	160515.0	210574.0	224434.0	191698.0	167665.0	161404.0	162140.0	161410.0	155474.0	184091.0	648717.0	845445.0	2531670.0	192780.0	5524726.0
	20	22	24	26	28	30	32	34	36	38	40	42	44	46	48	50	52	54	56	58	60	62	64	66	68	70	72	74	76
7_MR_RC_S20_R2_001_val_2	1802.0	1881.0	2314.0	2082.0	2132.0	1999.0	1885.0	1788.0	1654.0	1698.0	1686.0	1807.0	1876.0	1888.0	2146.0	2497.0	2763.0	2828.0	3093.0	3325.0	3804.0	4862.0	6491.0	10209.0	38768.0	129267.0	2525797.0	6295930.0	3789996.0
	20	22	24	26	28	30	32	34	36	38	40	42	44	46	48	50	52	54	56	58	60	62	64	66	68	70	72	74
8AF_S3_R1_001_val_1	927.0	2304.0	7013.0	13502.0	22926.0	34931.0	48910.0	55484.0	66228.0	80978.0	93696.0	92196.0	91409.0	95547.0	108734.0	142087.0	153001.0	135986.0	126514.0	126863.0	131626.0	133897.0	131272.0	180292.0	669994.0	1680385.0	2300963.0	7172979.0
	20	22	24	26	28	30	32	34	36	38	40	42	44	46	48	50	52	54	56	58	60	62	64	66	68	70	72	74
8AF_S3_R2_001_val_2	4021.0	4188.0	4998.0	6381.0	7425.0	6122.0	5142.0	5008.0	6003.0	6492.0	6189.0	5859.0	6010.0	6390.0	7262.0	7743.0	7947.0	8609.0	10268.0	12554.0	15677.0	20184.0	28304.0	45726.0	123182.0	730317.0	5760855.0	7041788.0
	20	22	24	26	28	30	32	34	36	38	40	42	44	46	48	50	52	54	56	58	60	62	64	66	68	70	72	74	76
8PSN_S8_R1_001_val_1	3212.0	4660.0	19482.0	45021.0	72163.0	110134.0	160227.0	192956.0	202807.0	242732.0	271765.0	269923.0	252401.0	248954.0	255437.0	318458.0	368117.0	328145.0	284872.0	271652.0	273974.0	274774.0	269919.0	311457.0	899109.0	1947239.0	5692444.0	2018074.0	11513126.0
	20	22	24	26	28	30	32	34	36	38	40	42	44	46	48	50	52	54	56	58	60	62	64	66	68	70	72	74	76
8PSN_S8_R2_001_val_2	9386.0	9892.0	9775.0	10354.0	10422.0	10440.0	9881.0	9889.0	10321.0	10169.0	10212.0	10395.0	10889.0	11639.0	12471.0	13040.0	14213.0	15334.0	16583.0	19585.0	24258.0	30504.0	42178.0	61584.0	124676.0	382321.0	3772363.0	13586922.0	8863538.0
	20	22	24	26	28	30	32	34	36	38	40	42	44	46	48	50	52	54	56	58	60	62	64	66	68	70	72	74
8R_BM_S17_R1_001_val_1	1023.0	2540.0	8289.0	14666.0	23379.0	35551.0	48252.0	53545.0	63152.0	76402.0	88956.0	88642.0	87722.0	89344.0	100262.0	130163.0	140567.0	124824.0	116790.0	115742.0	117705.0	121909.0	121785.0	167099.0	612085.0	1570668.0	2165080.0	6864347.0
	20	22	24	26	28	30	32	34	36	38	40	42	44	46	48	50	52	54	56	58	60	62	64	66	68	70	72	74
8R_BM_S17_R2_001_val_2	4080.0	4348.0	5215.0	6686.0	7340.0	6284.0	5375.0	5213.0	6199.0	6733.0	6183.0	5834.0	6113.0	6511.0	7296.0	7616.0	8093.0	8607.0	9963.0	12060.0	14701.0	18789.0	25769.0	40667.0	110386.0	649761.0	5499405.0	6655262.0
	20	22	24	26	28	30	32	34	36	38	40	42	44	46	48	50	52	54	56	58	60	62	64	66	68	70	72	74	76
8_MR_MA_S21_R1_001_val_1	4055.0	11009.0	39167.0	70954.0	107983.0	154599.0	221130.0	235830.0	248988.0	285379.0	310096.0	291269.0	269111.0	267743.0	290523.0	383536.0	391873.0	325941.0	288071.0	274904.0	273645.0	267650.0	254809.0	305167.0	1110951.0	1346125.0	3909580.0	284094.0	8546399.0
	20	22	24	26	28	30	32	34	36	38	40	42	44	46	48	50	52	54	56	58	60	62	64	66	68	70	72	74	76
8_MR_MA_S21_R2_001_val_2	2738.0	2889.0	3471.0	3035.0	3271.0	2808.0	2928.0	2616.0	2443.0	2579.0	2533.0	2717.0	2795.0	2911.0	3070.0	3462.0	3657.0	3952.0	4404.0	4872.0	5710.0	7122.0	9697.0	14784.0	70386.0	231987.0	4220139.0	10158711.0	5988894.0
	20	22	24	26	28	30	32	34	36	38	40	42	44	46	48	50	52	54	56	58	60	62	64	66	68	70	72	74
9AF_S4_R1_001_val_1	1450.0	3374.0	10455.0	18716.0	30421.0	45828.0	62635.0	69204.0	82307.0	100359.0	116157.0	113613.0	113379.0	117143.0	134487.0	176928.0	189061.0	167598.0	155902.0	156839.0	159736.0	164984.0	164742.0	228667.0	861228.0	2042114.0	2787952.0	8805811.0
	20	22	24	26	28	30	32	34	36	38	40	42	44	46	48	50	52	54	56	58	60	62	64	66	68	70	72	74
9AF_S4_R2_001_val_2	5318.0	5506.0	6576.0	8547.0	9618.0	8102.0	6698.0	6923.0	7994.0	8529.0	7927.0	7598.0	7880.0	8329.0	9327.0	9990.0	10329.0	11046.0	13127.0	15817.0	20090.0	25555.0	35206.0	57193.0	155305.0	925057.0	7260564.0	8426939.0
	20	22	24	26	28	30	32	34	36	38	40	42	44	46	48	50	52	54	56	58	60	62	64	66	68	70	72	74
9P_PA_S12_R1_001_val_1	1275.0	3234.0	10114.0	18467.0	30286.0	46071.0	63103.0	69859.0	84506.0	103012.0	119191.0	117606.0	116856.0	119997.0	137274.0	180069.0	193368.0	169504.0	157132.0	157108.0	158552.0	161145.0	158362.0	213975.0	750162.0	1670992.0	2203328.0	6970723.0
	20	22	24	26	28	30	32	34	36	38	40	42	44	46	48	50	52	54	56	58	60	62	64	66	68	70	72	74
9P_PA_S12_R2_001_val_2	4559.0	4785.0	5633.0	7299.0	8197.0	6793.0	5647.0	5866.0	6758.0	6903.0	6825.0	6179.0	6626.0	6923.0	7665.0	8258.0	8566.0	9183.0	10983.0	12963.0	16324.0	21166.0	29138.0	46993.0	130852.0	764425.0	6010144.0	7019618.0
	20	22	24	26	28	30	32	34	36	38	40	42	44	46	48	50	52	54	56	58	60	62	64	66	68	70	72	74
9R_MV_S18_R1_001_val_1	803.0	2093.0	6794.0	12668.0	21636.0	34233.0	48531.0	53688.0	67050.0	83389.0	95941.0	92742.0	93654.0	98382.0	114234.0	152566.0	158126.0	140530.0	132480.0	133639.0	138152.0	141166.0	140626.0	199198.0	758639.0	1645532.0	2263034.0	7139066.0
	20	22	24	26	28	30	32	34	36	38	40	42	44	46	48	50	52	54	56	58	60	62	64	66	68	70	72	74
9R_MV_S18_R2_001_val_2	4634.0	4851.0	5735.0	7287.0	8020.0	6807.0	5825.0	5967.0	6805.0	7214.0	6681.0	6255.0	6735.0	6954.0	7796.0	8160.0	8414.0	8966.0	10588.0	12891.0	15884.0	20618.0	28348.0	45547.0	124297.0	751242.0	6143197.0	6692874.0
	20	22	24	26	28	30	32	34	36	38	40	42	44	46	48	50	52	54	56	58	60	62	64	66	68	70	72	74
HS10_S10_R1_001_val_1	2795.0	6876.0	20903.0	37890.0	61049.0	90514.0	123062.0	132357.0	154711.0	184727.0	210141.0	201370.0	195167.0	196573.0	220566.0	284067.0	298607.0	258187.0	236831.0	233048.0	232353.0	230011.0	221972.0	296379.0	1023519.0	2218299.0	2886558.0	9045597.0
	20	22	24	26	28	30	32	34	36	38	40	42	44	46	48	50	52	54	56	58	60	62	64	66	68	70	72	74
HS10_S10_R2_001_val_2	5539.0	5931.0	6854.0	8984.0	10085.0	8584.0	7125.0	7273.0	8461.0	9078.0	8524.0	8184.0	8361.0	9056.0	10190.0	10778.0	11199.0	11980.0	14092.0	17424.0	22122.0	28260.0	39563.0	64200.0	191375.0	1058017.0	8132154.0	9580736.0
	20	22	24	26	28	30	32	34	36	38	40	42	44	46	48	50	52	54	56	58	60	62	64	66	68	70	72	74
HS11_S11_R1_001_val_1	986.0	2561.0	8551.0	15888.0	25121.0	38024.0	52568.0	58419.0	69314.0	85146.0	99876.0	100424.0	99353.0	101009.0	114358.0	148452.0	161396.0	143728.0	134467.0	133822.0	135029.0	138619.0	136661.0	182064.0	625788.0	1476436.0	1936706.0	6120045.0
	20	22	24	26	28	30	32	34	36	38	40	42	44	46	48	50	52	54	56	58	60	62	64	66	68	70	72	74
HS11_S11_R2_001_val_2	3693.0	4013.0	4577.0	6017.0	6881.0	5803.0	4937.0	5002.0	5688.0	6249.0	5799.0	5517.0	5537.0	6052.0	6696.0	6941.0	7405.0	7976.0	9271.0	11315.0	14103.0	18101.0	24711.0	39202.0	106474.0	620784.0	5132833.0	6263234.0
	20	22	24	26	28	30	32	34	36	38	40	42	44	46	48	50	52	54	56	58	60	62	64	66	68	70	72	74
HS6_S6_R1_001_val_1	1161.0	2773.0	9083.0	17003.0	28232.0	42872.0	59152.0	65545.0	77609.0	94161.0	109809.0	107505.0	105406.0	108411.0	122558.0	158596.0	170003.0	150684.0	137991.0	138903.0	142187.0	144408.0	142581.0	194216.0	706601.0	1749819.0	2366598.0	7424376.0
	20	22	24	26	28	30	32	34	36	38	40	42	44	46	48	50	52	54	56	58	60	62	64	66	68	70	72	74
HS6_S6_R2_001_val_2	4263.0	4424.0	5171.0	6682.0	7647.0	6505.0	5547.0	5616.0	6537.0	7052.0	6569.0	6210.0	6437.0	6945.0	7606.0	8306.0	8656.0	9233.0	10911.0	13646.0	17178.0	21872.0	30598.0	49895.0	137358.0	788974.0	6085104.0	7303301.0
	20	22	24	26	28	30	32	34	36	38	40	42	44	46	48	50	52	54	56	58	60	62	64	66	68	70	72	74
HS7_S7_R1_001_val_1	4720.0	12978.0	42170.0	71470.0	110422.0	159737.0	209134.0	215793.0	248369.0	293181.0	330647.0	314051.0	302750.0	296175.0	328981.0	424691.0	434776.0	367648.0	336377.0	330797.0	329548.0	331515.0	325844.0	442261.0	1591469.0	3401437.0	4517879.0	14343936.0
	20	22	24	26	28	30	32	34	36	38	40	42	44	46	48	50	52	54	56	58	60	62	64	66	68	70	72	74
HS7_S7_R2_001_val_2	10361.0	10900.0	12838.0	16517.0	18124.0	15042.0	13009.0	13024.0	14761.0	15521.0	14927.0	14199.0	15170.0	15816.0	17964.0	19151.0	19294.0	20778.0	24555.0	30157.0	37395.0	48125.0	67213.0	107740.0	324782.0	1742725.0	13200704.0	14257964.0
	20	22	24	26	28	30	32	34	36	38	40	42	44	46	48	50	52	54	56	58	60	62	64	66	68	70	72	74
HS8_S8_R1_001_val_1	984.0	2702.0	8624.0	16462.0	27320.0	41639.0	57228.0	63697.0	76918.0	93334.0	107903.0	105484.0	104634.0	107204.0	122547.0	159640.0	170854.0	151217.0	139542.0	140105.0	142922.0	146567.0	143419.0	196409.0	717961.0	1710879.0	2282163.0	7221566.0
	20	22	24	26	28	30	32	34	36	38	40	42	44	46	48	50	52	54	56	58	60	62	64	66	68	70	72	74
HS8_S8_R2_001_val_2	4521.0	4650.0	5611.0	7265.0	8023.0	6667.0	5829.0	5938.0	6788.0	7192.0	6736.0	6219.0	6552.0	7142.0	7825.0	8414.0	8690.0	9366.0	10870.0	12876.0	16165.0	20576.0	28536.0	45974.0	125125.0	728985.0	5993880.0	7153509.0
	20	22	24	26	28	30	32	34	36	38	40	42	44	46	48	50	52	54	56	58	60	62	64	66	68	70	72	74
HS9_S9_R1_001_val_1	2172.0	4885.0	14977.0	27731.0	45102.0	68024.0	94348.0	102796.0	121800.0	147406.0	168284.0	161750.0	161169.0	164699.0	187386.0	245611.0	257261.0	223102.0	205667.0	204236.0	206041.0	207453.0	202952.0	277986.0	1004139.0	2240408.0	3009837.0	9390523.0
	20	22	24	26	28	30	32	34	36	38	40	42	44	46	48	50	52	54	56	58	60	62	64	66	68	70	72	74
HS9_S9_R2_001_val_2	5443.0	5712.0	6717.0	8933.0	9760.0	8186.0	6778.0	6947.0	8345.0	8919.0	8190.0	7895.0	8344.0	8957.0	10029.0	10531.0	10930.0	11947.0	13937.0	17158.0	21576.0	27299.0	38543.0	63227.0	181251.0	1046032.0	8214278.0	9371881.0

