	1	2	3	4	5	6	7	8	9	10	11	12	13	14	15	16	17	18	19	20	21	22	23	24	25	26	27	28	29	30	31	32	33	34	35	36	37	38	39	40	41	42	43	44	45	46	47	48	49	50	51	52	53	54	55	56	57	58	59	60	61	62	63	64	65	66	67	68	69	70	71	72	73	74	75
10AF_S5_R1_001	2484927	1141089	372808	347516	302331	93509	72343	65437	63411	83652	46727	62775	80931	49261	78746	48871	71427	66036	67119	81375	80870	95623	62994	43835	52477	46966	48389	53992	43669	45031	47030	57308	36067	44793	38714	34472	31271	28950	26062	28766	21583	18226	16023	12931	10464	7899	6038	4599	3732	3200	1319	1557	551	706	492	921	431	161	234	184	147	333	480	298	218	215	820	470	916	2507	1070	751	895	569	155
	1	2	3	4	5	6	7	9	10	11	12	13	26	36	40	43	50	59	68	69	70	71	72	73	74	75
10AF_S5_R2_001	6890607	45265	25063	21271	16309	46	7	2	2	1	2	3	2	1	1	1	1	1	1	1	3	2	2	1	3	1
	1	2	3	4	5	6	7	8	9	10	11	12	13	14	15	16	17	18	19	20	21	22	23	24	25	26	27	28	29	30	31	32	33	34	35	36	37	38	39	40	41	42	43	44	45	46	47	48	49	50	51	52	53	54	55	56	57	58	59	60	61	62	63	64	65	66	67	68	69	70	71	72	73	74	75
10P_ER_S13_R1_001	2255575	1041709	344791	311754	255188	85154	66405	61290	59168	79005	42909	59200	76501	45192	74161	45429	67752	62978	63672	75451	75367	89335	56559	36697	48047	43216	44350	50716	38625	41743	42728	59525	24886	37244	39592	29568	26555	25922	26505	22232	21459	19062	14309	11661	9530	7412	5639	4413	3926	3968	1469	2098	696	719	476	1088	758	211	565	583	342	958	1737	1161	979	635	1840	626	876	2895	1179	614	920	488	97
	1	2	3	4	5	6	7	9	10	11	17	23	42	64	65	68	70	71	72	73	74	75
10P_ER_S13_R2_001	6272423	41778	22980	19302	14306	34	5	1	2	1	1	1	1	1	1	1	4	1	3	2	1	1
	1	2	3	4	5	6	7	8	9	10	11	12	13	14	15	16	17	18	19	20	21	22	23	24	25	26	27	28	29	30	31	32	33	34	35	36	37	38	39	40	41	42	43	44	45	46	47	48	49	50	51	52	53	54	55	56	57	58	59	60	61	62	63	64	65	66	67	68	69	70	71	72	73	74	75
10R_SG_S19_R1_001	2616110	1200675	394494	350974	297435	93486	72527	66606	64907	86575	47383	64505	82903	49276	81255	49235	74797	69266	70697	83862	83792	99381	62758	41540	54637	48777	50087	58270	42875	45896	48208	65972	30423	43314	45237	48239	15723	29961	29457	27025	25273	18318	15801	12699	10382	7768	5987	4682	3976	4506	1702	2514	920	972	610	1566	1206	441	966	1038	792	2049	2892	1710	1111	790	2670	947	1163	3500	1292	710	814	393	88
	1	2	3	4	5	6	7	9	10	12	13	15	16	17	19	23	24	29	33	34	35	41	48	56	68	69	70	71	72	74
10R_SG_S19_R2_001	7219968	47711	26147	21637	16445	47	2	2	3	1	1	2	1	1	1	2	1	1	2	1	1	1	1	1	3	1	2	4	3	1
	1	2	3	4	5	6	7	8	9	10	11	12	13	14	15	16	17	18	19	20	21	22	23	24	25	26	27	28	29	30	31	32	33	34	35	36	37	38	39	40	41	42	43	44	45	46	47	48	49	50	51	52	53	54	55	56	57	58	59	60	61	62	63	64	65	66	67	68	69	70	71	72	73	74	75
11P_DS_S14_R1_001	2185531	1007536	341019	304442	257564	87330	71066	64844	63233	84703	46182	63418	84800	49035	83359	48920	75691	69345	70218	82169	79689	97503	60157	42525	60363	55519	57549	67535	51912	55910	57431	77171	38287	69128	29225	46588	39438	24236	27585	25904	24286	17680	15408	10601	8251	5981	4217	3479	3829	4031	1887	2874	1088	1076	765	1501	1117	341	663	656	445	1330	2266	1340	966	761	2820	1639	2510	8562	3458	2099	2314	644	168
	1	2	3	4	5	6	7	10	12	13	14	16	22	27	36	37	40	42	45	49	53	60	65	67	68	69	70	71	72	73	74	75
11P_DS_S14_R2_001	6224214	45804	23703	19522	15536	39	1	2	1	2	1	1	1	1	1	1	1	1	1	2	1	1	3	1	3	2	6	4	4	6	3	1
	1	2	3	4	5	6	7	8	9	10	11	12	13	14	15	16	17	18	19	20	21	22	23	24	25	26	27	28	29	30	31	32	33	34	35	36	37	38	39	40	41	42	43	44	45	46	47	48	49	50	51	52	53	54	55	56	57	58	59	60	61	62	63	64	65	66	67	68	69	70	71	72	73	74	75
11R_GA_S20_R1_001	2338086	1140133	409235	407978	362919	123492	97332	90084	89511	118117	66575	90220	119125	70762	116162	72310	108025	101366	103197	125151	125747	151171	98260	65077	83753	75040	77372	87684	70704	73121	75139	93920	59665	73068	66152	55051	55783	42397	43753	44595	37911	31332	24698	19805	15974	11964	8620	6339	4868	3742	1331	1648	696	696	542	910	601	159	277	221	164	480	677	359	291	275	1054	603	1210	3820	1507	883	1103	351	65
	1	2	3	4	5	6	7	9	10	11	12	23	24	29	30	32	35	39	52	61	66	68	70	71	73	74
11R_GA_S20_R2_001	7133188	67852	36347	32167	24475	63	2	1	8	2	2	1	1	2	1	1	1	1	1	1	1	1	1	1	3	4
	1	2	3	4	5	6	7	8	9	10	11	12	13	14	15	16	17	18	19	20	21	22	23	24	25	26	27	28	29	30	31	32	33	34	35	36	37	38	39	40	41	42	43	44	45	46	47	48	49	50	51	52	53	54	55	56	57	58	59	60	61	62	63	64	65	66	67	68	69	70	71	72	73	74	75	76
12_HS_S1_R1_001	2178748	926775	519170	479336	403175	357725	131873	112387	109398	104739	112578	109195	107590	111885	106796	110335	113681	109159	116703	126241	138567	143635	143932	139057	114045	96602	98158	100996	106472	99911	103003	104840	104989	105119	96504	97779	86357	79669	79709	74164	74312	68170	58828	49219	41127	34583	27866	21733	16575	10928	5846	2778	2239	475	908	2451	823	297	427	497	239	730	2122	940	907	767	1204	872	2056	8558	6847	5128	6386	9752	920	963
	1	2	3	4	5	6	7	31	43	45	63	67	69	70	71	72	73	74	75	76
12_HS_S1_R2_001	7510859	84330	78141	68881	57258	155	5	1	1	1	1	1	2	5	10	8	10	14	3	5
	1	2	3	4	5	6	7	8	9	10	11	12	13	14	15	16	17	18	19	20	21	22	23	24	25	26	27	28	29	30	31	32	33	34	35	36	37	38	39	40	41	42	43	44	45	46	47	48	49	50	51	52	53	54	55	56	57	58	59	60	61	62	63	64	65	66	67	68	69	70	71	72	73	74	75	76
12_P_DGG_S22_R1_001	3010697	1266325	709051	644147	513911	467427	151031	127990	121719	116078	126551	123273	122833	129747	125180	131766	138234	133431	145049	157358	173427	178189	174252	166916	134815	114740	114882	118559	123671	113740	122233	124621	133273	136433	116957	114395	108119	92562	95400	99507	89781	82064	66364	55270	45657	38164	30388	23892	17858	12113	6443	3496	5067	881	1680	5932	2191	649	1102	1826	564	1633	6952	3376	4188	4349	6671	3221	3460	19910	13309	9332	11433	21465	2134	2305
	1	2	3	4	5	6	7	10	11	22	26	29	33	36	37	64	67	68	69	70	71	72	73	74	75	76
12_P_DGG_S22_R2_001	9702722	106577	96619	82867	65397	337	1	1	1	1	1	2	1	1	1	1	1	4	3	4	9	8	22	23	18	4
	1	2	3	4	5	6	7	8	9	10	11	12	13	14	15	16	17	18	19	20	21	22	23	24	25	26	27	28	29	30	31	32	33	34	35	36	37	38	39	40	41	42	43	44	45	46	47	48	49	50	51	52	53	54	55	56	57	58	59	60	61	62	63	64	65	66	67	68	69	70	71	72	73	74	75	76
12_R_EU_S8_R1_001	3321778	1407639	771331	702292	560520	523125	164329	139008	129401	125413	134412	131641	131980	138262	135013	140947	147542	141653	155514	167101	186234	191299	186748	178418	148915	123691	127734	130154	135837	124642	136460	138046	145553	143078	148163	111937	124172	107865	107273	109152	105204	91169	75886	62699	52279	43794	34657	26460	20008	13304	6603	3254	4078	678	1401	4670	1651	451	690	774	254	927	3703	1577	1433	937	1835	1062	2158	13407	9899	6411	8937	16550	1261	1638
	1	2	3	4	5	6	7	9	13	14	20	21	25	46	51	61	64	68	69	70	71	72	73	74	75	76
12_R_EU_S8_R2_001	10694430	120033	109354	93718	74347	371	1	1	1	1	1	1	1	1	1	2	1	3	2	6	11	16	13	25	17	12
	1	2	3	4	5	6	7	8	9	10	11	12	13	14	15	16	17	18	19	20	21	22	23	24	25	26	27	28	29	30	31	32	33	34	35	36	37	38	39	40	41	42	43	44	45	46	47	48	49	50	51	52	53	54	55	56	57	58	59	60	61	62	63	64	65	66	67	68	69	70	71	72	73	74	75	76
13_HS_S2_R1_001	2755157	1136231	612743	573897	481358	447357	140415	118084	112249	107317	114562	112076	111001	117960	115712	118540	124677	121190	130830	142181	159405	163964	164084	156291	129100	106748	109785	117155	117540	108158	115652	124363	127346	136029	108973	120427	102861	95610	94974	97777	96431	86592	71476	59093	49946	42759	34919	27476	21543	14660	7717	4645	6088	1497	3431	9293	2971	990	1591	1803	927	2841	7858	3879	3935	3359	4824	3069	7521	31101	25958	20078	27032	38513	3453	2805
	1	2	3	4	5	6	7	29	31	68	69	70	71	72	73	74	75	76
13_HS_S2_R2_001	8953104	108383	98345	87299	69869	310	7	1	1	1	2	5	13	18	25	20	11	11
	1	2	3	4	5	6	7	8	9	10	11	12	13	14	15	16	17	18	19	20	21	22	23	24	25	26	27	28	29	30	31	32	33	34	35	36	37	38	39	40	41	42	43	44	45	46	47	48	49	50	51	52	53	54	55	56	57	58	59	60	61	62	63	64	65	66	67	68	69	70	71	72	73	74	75	76
13_P_FM_S23_R1_001	2242689	962731	566875	522587	422281	384963	127377	108838	102814	100304	106256	104759	104792	108957	105930	110957	117722	114187	123887	134557	150077	154198	150276	142276	118135	98981	101206	102941	111508	100790	109009	109762	119751	121635	97150	104121	101065	84974	83250	87692	83979	72200	59682	49488	41161	34533	27284	21815	15896	10684	5329	2537	3564	546	1149	6442	2998	1523	4244	8628	8009	12007	15063	4902	4959	3526	3480	1394	1407	7528	5687	4083	4930	9848	1148	1431
	1	2	3	4	5	6	7	10	24	32	33	53	60	64	66	67	69	71	72	73	74	75	76
13_P_FM_S23_R2_001	7641610	93897	85833	74010	58850	244	2	3	1	1	1	1	1	1	1	1	2	4	14	6	15	7	5
	1	2	3	4	5	6	7	8	9	10	11	12	13	14	15	16	17	18	19	20	21	22	23	24	25	26	27	28	29	30	31	32	33	34	35	36	37	38	39	40	41	42	43	44	45	46	47	48	49	50	51	52	53	54	55	56	57	58	59	60	61	62	63	64	65	66	67	68	69	70	71	72	73	74	75	76
13_R_RF_S9_R1_001	3166145	1351976	765349	679388	524256	474807	159207	135258	131419	125362	135612	131783	132096	137643	134783	141232	149921	145290	154952	166402	183987	186958	182785	175436	144702	123137	125446	128656	132955	122902	133759	132453	143868	146978	119030	125017	121857	104323	103422	103247	98795	90123	72556	60328	50074	41656	33297	25666	19054	12749	6368	3135	3591	536	1150	4076	1569	474	800	657	270	804	3137	1380	1053	755	1540	918	1671	11066	8211	5792	7359	13997	1231	1457
	1	2	3	4	5	6	7	9	10	14	17	25	26	31	33	34	37	39	43	57	64	67	68	69	70	71	72	73	74	75	76
13_R_RF_S9_R2_001	10282597	115145	103713	89966	71931	320	1	2	2	1	1	1	1	1	1	1	1	1	1	1	1	2	1	1	5	11	18	17	9	11	9
	1	2	3	4	5	6	7	8	9	10	11	12	13	14	15	16	17	18	19	20	21	22	23	24	25	26	27	28	29	30	31	32	33	34	35	36	37	38	39	40	41	42	43	44	45	46	47	48	49	50	51	52	53	54	55	56	57	58	59	60	61	62	63	64	65	66	67	68	69	70	71	72	73	74	75	76
14_HS_S3_R1_001	3181847	1346587	740110	694780	572953	525354	161957	135005	128265	121310	133164	130161	130990	137644	131427	138507	145267	138809	149458	161341	182776	186899	186070	179804	145912	121693	123470	128101	128377	119918	124715	133018	140321	148273	114972	125829	112870	102401	103214	103995	101233	87399	71196	59589	49138	40268	31697	24498	18278	11953	6090	3182	4250	710	1576	5299	1948	458	763	919	206	1045	4403	1888	1749	1455	2512	1241	2376	15811	11486	8304	11059	21029	1802	2086
	1	2	3	4	5	6	7	66	67	69	70	71	72	73	74	75	76
14_HS_S3_R2_001	10288779	114663	104488	89529	69958	365	1	1	1	4	7	13	10	21	21	12	5
	1	2	3	4	5	6	7	8	9	10	11	12	13	14	15	16	17	18	19	20	21	22	23	24	25	26	27	28	29	30	31	32	33	34	35	36	37	38	39	40	41	42	43	44	45	46	47	48	49	50	51	52	53	54	55	56	57	58	59	60	61	62	63	64	65	66	67	68	69	70	71	72	73	74	75	76
14_P_SG_S24_R1_001	2850407	1233797	746545	672104	522765	477889	170267	148214	143334	137003	146635	144280	144225	149884	147729	153988	161592	158418	172274	188204	206079	209291	203003	193074	160491	139601	142476	147849	157157	143781	156065	161009	163534	162670	149724	157029	133044	115762	126360	123007	114347	106935	87937	72993	61409	52217	42423	32894	25049	16586	7878	3844	4184	772	1371	4135	1500	347	588	637	169	632	3416	2102	1145	842	1765	896	1551	10746	7790	5588	6818	13518	1277	1435
	1	2	3	4	5	6	7	10	11	13	22	24	33	62	68	70	71	72	73	74	75	76
14_P_SG_S24_R2_001	9843090	130997	120544	105515	84610	261	3	1	1	4	1	1	1	2	2	4	16	9	13	14	3	5
	1	2	3	4	5	6	7	8	9	10	11	12	13	14	15	16	17	18	19	20	21	22	23	24	25	26	27	28	29	30	31	32	33	34	35	36	37	38	39	40	41	42	43	44	45	46	47	48	49	50	51	52	53	54	55	56	57	58	59	60	61	62	63	64	65	66	67	68	69	70	71	72	73	74	75	76
14_R_MM_S10_R1_001	4235854	1784843	996026	900802	716022	651081	215952	183242	177150	169071	180100	175533	174785	183880	178848	186170	194828	189753	206193	224778	247532	253746	246528	235334	194796	165479	169649	174413	185414	171597	186081	190715	198490	195286	189452	171984	165649	150350	150035	149802	140659	129004	109799	92672	77339	67218	54474	44007	34042	22757	11636	5627	6193	1052	2031	6131	2245	542	937	1032	257	1120	4801	2082	1647	1278	2525	1425	2600	17278	12692	8747	11344	22052	1912	2371
	1	2	3	4	5	6	7	8	9	10	11	12	14	15	18	20	23	28	31	32	36	45	51	54	55	66	67	68	69	70	71	72	73	74	75	76
14_R_MM_S10_R2_001	13765815	163469	149980	131432	107134	521	2	1	1	3	2	1	3	1	1	2	1	1	1	1	1	1	1	1	2	2	1	2	4	4	9	14	17	24	12	12
	1	2	3	4	5	6	7	8	9	10	11	12	13	14	15	16	17	18	19	20	21	22	23	24	25	26	27	28	29	30	31	32	33	34	35	36	37	38	39	40	41	42	43	44	45	46	47	48	49	50	51	52	53	54	55	56	57	58	59	60	61	62	63	64	65	66	67	68	69	70	71	72	73	74	75	76
15_HS_S4_R1_001	2004780	847991	471041	425050	330971	303621	97902	82809	78139	75314	80728	78756	79221	81249	79629	82861	86620	84387	90935	97540	108005	109904	106304	102119	82552	71589	71142	72857	75434	69315	74516	75955	78632	80078	77056	63414	66887	56037	60114	55280	54033	48630	38310	31959	26412	21732	17281	13253	9654	6136	3155	1505	1654	231	562	1926	661	118	291	328	95	357	1720	917	929	784	990	408	760	5098	3642	2581	3159	6070	525	676
	1	2	3	4	5	6	7	10	23	56	69	70	71	72	73	74	75	76
15_HS_S4_R2_001	6356236	64323	57723	48957	37711	219	1	1	1	1	1	2	2	8	7	17	5	2
	1	2	3	4	5	6	7	8	9	10	11	12	13	14	15	16	17	18	19	20	21	22	23	24	25	26	27	28	29	30	31	32	33	34	35	36	37	38	39	40	41	42	43	44	45	46	47	48	49	50	51	52	53	54	55	56	57	58	59	60	61	62	63	64	65	66	67	68	69	70	71	72	73	74	75	76
15_P_SMR_S25_R1_001	3684463	1548906	848467	772602	617548	574432	184141	153339	148082	140920	150014	146235	143832	153042	147510	154832	161843	156121	169219	183339	202517	208089	203094	193585	159055	133012	134660	141211	145036	134766	144611	148444	155349	161344	135814	134530	130513	110579	112165	110755	106561	97560	77659	64675	53099	45050	36442	28034	21233	14183	7318	3255	3984	622	1445	4565	1540	348	614	663	206	937	3328	1286	1201	879	1723	1011	2187	13257	9406	6565	8569	15455	1262	1334
	1	2	3	4	5	6	7	8	16	29	42	56	67	68	69	70	71	72	73	74	75	76
15_P_SMR_S25_R2_001	11763524	124719	112973	96870	77586	396	4	1	1	1	1	1	1	2	3	6	5	12	15	13	15	2
	1	2	3	4	5	6	7	8	9	10	11	12	13	14	15	16	17	18	19	20	21	22	23	24	25	26	27	28	29	30	31	32	33	34	35	36	37	38	39	40	41	42	43	44	45	46	47	48	49	50	51	52	53	54	55	56	57	58	59	60	61	62	63	64	65	66	67	68	69	70	71	72	73	74	75	76
15_R_RN_S11_R1_001	3231646	1329475	673039	665001	609160	574491	163184	136108	119086	116910	127361	123366	123994	130976	126519	131837	137239	130295	139844	150633	170703	177579	182772	180431	143524	117636	118750	122494	127227	112519	122379	129421	137791	151984	125004	114199	116290	98103	102991	102693	103167	91905	73151	60487	50836	42230	33513	26013	20524	13245	6924	3445	4039	871	1892	5654	1970	512	804	801	381	1214	3761	1657	1570	1501	2061	1167	2767	13552	10611	8400	11908	17861	1407	1113
	1	2	3	4	5	6	7	10	36	37	38	61	69	70	71	72	73	74	75	76
15_R_RN_S11_R2_001	10313929	114705	106920	93044	72874	403	2	2	1	1	2	1	3	2	7	8	8	14	11	8
	1	2	3	4	5	6	7	8	9	10	11	12	13	14	15	16	17	18	19	20	21	22	23	24	25	26	27	28	29	30	31	32	33	34	35	36	37	38	39	40	41	42	43	44	45	46	47	48	49	50	51	52	53	54	55	56	57	58	59	60	61	62	63	64	65	66	67	68	69	70	71	72	73	74	75	76
16_HS_S5_R1_001	2068491	864103	469050	434783	360065	330628	102030	85633	82304	77596	83572	80981	81196	83786	82227	83126	87819	86722	90852	100898	110327	112998	112028	107105	87590	73043	73439	75549	79751	71560	76286	79088	82820	83199	74744	79662	61039	59999	58720	57204	55084	51361	39654	33221	27510	22734	18262	13795	10641	6967	3419	1607	1713	255	539	1475	628	157	220	181	68	280	946	432	427	309	534	340	690	3748	3145	2237	2877	4979	608	1027
	1	2	3	4	5	6	7	12	29	69	70	71	72	73	74	75
16_HS_S5_R2_001	6561876	65139	59361	50523	39950	228	1	1	1	1	2	1	5	7	7	6
	1	2	3	4	5	6	7	8	9	10	11	12	13	14	15	16	17	18	19	20	21	22	23	24	25	26	27	28	29	30	31	32	33	34	35	36	37	38	39	40	41	42	43	44	45	46	47	48	49	50	51	52	53	54	55	56	57	58	59	60	61	62	63	64	65	66	67	68	69	70	71	72	73	74	75	76
16_P_CV_S26_R1_001	2248574	917879	465523	427714	354691	327698	97248	80808	75300	72034	76060	74069	75136	77149	75488	77025	79546	75451	80668	86914	98423	99227	98424	93472	76521	63201	64633	65473	68373	62149	66086	68229	72486	70646	66573	66965	55503	52691	49625	49425	49793	42666	36022	29659	23889	20407	16205	12683	10011	7210	3690	1792	2437	369	832	3533	1164	310	584	917	426	1154	5214	3153	3249	2097	2060	1106	1384	6549	4308	2971	4194	8108	699	928
	1	2	3	4	5	6	7	10	11	13	21	32	39	44	51	63	64	65	67	68	69	71	72	73	74	75	76
16_P_CV_S26_R2_001	6796470	58151	53334	44252	35510	227	3	2	1	1	1	1	1	1	1	1	1	1	1	1	1	6	7	9	11	2	8
	1	2	3	4	5	6	7	8	9	10	11	12	13	14	15	16	17	18	19	20	21	22	23	24	25	26	27	28	29	30	31	32	33	34	35	36	37	38	39	40	41	42	43	44	45	46	47	48	49	50	51	52	53	54	55	56	57	58	59	60	61	62	63	64	65	66	67	68	69	70	71	72	73	74	75	76
16_R_TG_S12_R1_001	3278971	1375894	769401	693678	546497	502557	162894	137517	131856	126313	133578	132088	132423	137282	135347	138938	146057	142122	152322	166114	184252	188643	181843	174466	143439	121242	122818	124750	130823	120417	131149	133877	139234	140039	135150	113677	118537	100873	101116	102674	97809	88399	72704	60730	51041	43266	34548	26974	20343	13509	6499	2992	3206	453	876	2997	1094	242	441	443	144	518	2441	1271	1023	787	1345	730	1130	8241	6290	4276	5515	10981	956	1194
	1	2	3	4	5	6	7	9	10	31	36	66	67	68	69	70	71	72	73	74	75	76
16_R_TG_S12_R2_001	10496702	112789	102883	88983	71638	313	5	1	1	1	1	1	1	1	2	4	8	12	12	17	3	3
	1	2	3	4	5	6	7	8	9	10	11	12	13	14	15	16	17	18	19	20	21	22	23	24	25	26	27	28	29	30	31	32	33	34	35	36	37	38	39	40	41	42	43	44	45	46	47	48	49	50	51	52	53	54	55	56	57	58	59	60	61	62	63	64	65	66	67	68	69	70	71	72	73	74	75	76
17_HS_S6_R1_001	3592984	1501706	818996	764296	629146	584390	182280	152570	144856	136427	148938	146540	146135	155963	151163	157221	164630	161127	173778	188711	211237	218517	216445	211836	173034	144902	149145	154249	167105	149045	163290	168616	183568	188029	156319	161486	157347	134412	137514	143778	138824	124840	102596	84939	72010	60826	49610	38681	29620	19352	9812	4861	5291	1054	2135	6127	2373	623	1030	994	296	1208	4462	1886	1769	1418	2548	1468	3067	18474	14755	10528	13791	25843	2542	2605
	1	2	3	4	5	6	7	10	11	25	26	33	37	38	46	67	68	70	71	72	73	74	75	76
17_HS_S6_R2_001	11668475	153889	141911	125531	100631	382	1	1	2	1	1	1	1	1	1	1	1	9	27	20	26	33	18	6
	1	2	3	4	5	6	7	8	9	10	11	12	13	14	15	16	17	18	19	20	21	22	23	24	25	26	27	28	29	30	31	32	33	34	35	36	37	38	39	40	41	42	43	44	45	46	47	48	49	50	51	52	53	54	55	56	57	58	59	60	61	62	63	64	65	66	67	68	69	70	71	72	73	74	75	76
17_P_FA_S27_R1_001	1360493	566037	230567	170215	125467	113709	80155	78024	76548	74408	77645	75042	73022	77031	73048	75393	75712	71556	72514	73770	75969	72361	72502	71463	64442	61191	62596	62526	64842	61609	60495	59584	59253	58230	53013	53515	51732	48394	45125	43103	42228	38996	36100	31698	26731	23161	19259	15400	11118	7292	4102	2189	2500	353	631	3229	1097	260	592	569	161	817	3264	1234	1001	730	1601	874	1890	12178	7397	4995	6996	11606	813	1186
	1	2	3	4	5	6	7	11	23	37	48	68	69	70	71	72	73	74	75	76
17_P_FA_S27_R2_001	4869913	48931	44482	39149	34156	25	1	1	1	1	1	1	2	10	13	11	13	5	7	5
	1	2	3	4	5	6	7	8	9	10	11	12	13	14	15	16	17	18	19	20	21	22	23	24	25	26	27	28	29	30	31	32	33	34	35	36	37	38	39	40	41	42	43	44	45	46	47	48	49	50	51	52	53	54	55	56	57	58	59	60	61	62	63	64	65	66	67	68	69	70	71	72	73	74	75	76
17_R_SN_S13_R1_001	2705907	1137315	627083	576022	468683	432957	139131	119400	107605	105038	113644	111588	110661	116221	113741	117380	123536	120696	129719	141290	157715	162067	160783	155348	128010	107054	109798	112132	117829	106748	116680	119345	125036	126635	117154	120282	102067	93976	95791	95468	91469	83687	68435	56539	47748	39953	32012	24417	18557	12275	6135	3060	3468	558	1182	3438	1250	275	526	504	176	602	2596	1029	1059	836	1478	750	1451	9575	6988	4843	6097	11639	901	1316
	1	2	3	4	5	6	7	9	10	15	17	21	22	29	45	46	47	67	68	69	71	72	73	74	75	76
17_R_SN_S13_R2_001	8820015	105506	96321	84270	67060	304	3	1	3	1	1	1	1	1	1	1	1	1	2	1	7	5	12	14	9	3
	1	2	3	4	5	6	7	8	9	10	11	12	13	14	15	16	17	18	19	20	21	22	23	24	25	26	27	28	29	30	31	32	33	34	35	36	37	38	39	40	41	42	43	44	45	46	47	48	49	50	51	52	53	54	55	56	57	58	59	60	61	62	63	64	65	66	67	68	69	70	71	72	73	74	75	76
18_HS_S7_R1_001	2608043	1100905	617020	609043	540056	492044	154127	132438	116939	115090	123830	121334	121229	128156	123780	129225	136462	129792	143012	153804	173135	177319	180133	174338	140394	116799	118485	123859	129363	115577	125580	133350	136053	139406	133491	125064	114512	99897	102008	105413	99252	94147	76051	63205	53441	44956	36562	28719	22089	15048	7676	3760	4443	761	1703	4933	2008	497	747	770	239	873	3300	1308	1187	904	1738	921	1832	12669	9325	6544	8912	17164	1435	1913
	1	2	3	4	5	6	9	10	12	16	51	67	69	70	71	72	73	74	75	76
18_HS_S7_R2_001	8827806	111571	104313	93015	74644	292	1	4	1	1	1	1	4	5	9	5	12	15	5	7
	1	2	3	4	5	6	7	8	9	10	11	12	13	14	15	16	17	18	19	20	21	22	23	24	25	26	27	28	29	30	31	32	33	34	35	36	37	38	39	40	41	42	43	44	45	46	47	48	49	50	51	52	53	54	55	56	57	58	59	60	61	62	63	64	65	66	67	68	69	70	71	72	73	74	75	76
18_P_CD_S28_R1_001	2622072	1117011	616567	538922	417017	343306	124523	105475	101698	97048	103131	100980	100065	102104	97029	99925	101635	98475	102895	114218	128852	135763	136041	128581	102549	83276	83468	83828	87960	83054	88155	87841	89120	88348	84363	75543	73284	69649	63507	66847	62101	58513	50680	41438	34995	29627	23557	18194	13368	9472	5005	2664	3001	467	877	4702	1439	534	1101	1636	1005	2195	8969	5441	5193	3427	3047	1858	2217	11916	8456	5818	7340	13036	1392	1660
	1	2	3	4	5	6	9	14	19	30	39	43	54	63	65	66	67	68	69	70	71	72	73	74	75	76
18_P_CD_S28_R2_001	8340314	76208	69514	59251	49824	162	1	1	1	1	1	1	1	1	1	2	1	1	6	7	12	7	11	16	9	6
	1	2	3	4	5	6	7	8	9	10	11	12	13	14	15	16	17	18	19	20	21	22	23	24	25	26	27	28	29	30	31	32	33	34	35	36	37	38	39	40	41	42	43	44	45	46	47	48	49	50	51	52	53	54	55	56	57	58	59	60	61	62	63	64	65	66	67	68	69	70	71	72	73	74	75	76
18_R_GS_S14_R1_001	2095473	883596	486752	436780	342842	307859	100939	86234	82512	79237	85011	83571	82576	86523	83856	87956	91679	88844	96462	105459	114280	118354	114936	109361	89802	76639	76471	78535	83736	76886	84161	83824	89914	87653	86264	74386	74940	67243	66390	67939	65230	56234	47320	40163	33497	28577	23035	18087	13619	8903	4383	2195	2579	423	789	2765	1000	238	439	577	170	555	2613	1420	1306	1065	1672	854	1219	8086	6416	4247	5246	10398	925	1132
	1	2	3	4	5	6	7	8	10	11	14	18	23	25	29	31	35	51	57	66	67	68	69	70	71	72	73	74	75	76
18_R_GS_S14_R2_001	6650543	76408	68497	58726	46934	356	3	1	1	9	2	1	1	1	2	1	1	1	1	1	1	1	1	4	11	9	7	14	6	3
	1	2	3	4	5	6	7	8	9	10	11	12	13	14	15	16	17	18	19	20	21	22	23	24	25	26	27	28	29	30	31	32	33	34	35	36	37	38	39	40	41	42	43	44	45	46	47	48	49	50	51	52	53	54	55	56	57	58	59	60	61	62	63	64	65	66	67	68	69	70	71	72	73	74	75	76
19_P_CS_S29_R1_001	2922880	1225752	665502	595892	472357	416339	133267	112704	106414	102138	111204	107139	107115	111142	106551	109772	113550	111229	119686	130494	143703	148479	145553	139472	112110	93672	94398	96465	100761	91777	96708	99640	104526	101152	95522	93325	81678	76164	76886	72947	72008	63418	52997	43178	35597	29459	23519	18240	13621	8846	4616	2374	3131	477	1009	3713	1287	294	599	681	156	741	3136	1219	1172	797	1575	871	1727	11639	8474	5772	7828	14917	1301	1577
	1	2	3	4	5	6	7	10	11	19	24	39	47	52	63	68	69	70	71	72	73	74	75	76
19_P_CS_S29_R2_001	9119757	85965	78102	64731	51995	300	1	2	1	1	1	1	1	1	1	2	2	7	9	15	16	20	1	8
	1	2	3	4	5	6	7	8	9	10	11	12	13	14	15	16	17	18	19	20	21	22	23	24	25	26	27	28	29	30	31	32	33	34	35	36	37	38	39	40	41	42	43	44	45	46	47	48	49	50	51	52	53	54	55	56	57	58	59	60	61	62	63	64	65	66	67	68	69	70	71	72	73	74	75	76
19_R_AG_S15_R1_001	1989176	840523	473934	428214	343169	304705	107452	91342	90471	85018	90837	87904	85453	88668	85181	88874	93144	90152	97763	106879	115680	119333	117406	110498	90744	76111	78669	83066	88343	81264	87067	86389	91839	91997	76338	79921	75796	63709	65040	67267	67123	59936	50985	42860	36149	31370	25228	21198	16547	11480	6600	3082	3135	488	790	2677	943	296	467	446	151	556	2144	1015	801	724	1375	836	1476	8393	6488	4500	5623	9706	954	1132
	1	2	3	4	5	6	7	10	11	24	28	46	47	67	70	71	72	73	74	75	76
19_R_AG_S15_R2_001	6512968	74537	68503	60498	50014	197	1	1	2	2	1	2	1	1	4	7	4	11	5	5	4
	1	2	3	4	5	6	7	8	9	10	11	12	13	14	15	16	17	18	19	20	21	22	23	24	25	26	27	28	29	30	31	32	33	34	35	36	37	38	39	40	41	42	43	44	45	46	47	48	49	50	51	52	53	54	55	56	57	58	59	60	61	62	63	64	65	66	67	68	69	70	71	72	73	74
1AF_S1_R1_001	4948573	2293159	869462	465212	166033	147776	156019	140646	170272	188968	123410	146037	205382	124620	228949	128200	232564	224419	217123	224355	209954	183851	145409	151655	193541	124445	155355	212256	177708	172151	178927	209907	123975	181863	127732	119371	135629	147204	105966	88838	75996	62913	49412	39952	30289	26327	8845	5207	887	915	1397	2231	1609	508	418	148	50	131	146	51	51	25	155	85	187	1187	1124	907	2534	2009	605	650	261	219
	1	2	3	4	5	6	7	8	9	10	11	18	19	22	32	33	34	35	36	37	38	40	41	42	49	58	61	63	64	65	66	67	68	69	70	71	72	74
1AF_S1_R2_001	14122354	140065	64555	75825	39832	64	4	4	4	5	2	1	1	1	2	1	1	11	4	19	1	3	1	1	1	2	4	1	2	4	3	15	9	11	18	15	12	4
	1	2	3	4	5	6	7	8	9	10	11	12	13	14	15	16	17	18	19	20	21	22	23	24	25	26	27	28	29	30	31	32	33	34	35	36	37	38	39	40	41	42	43	44	45	46	47	48	49	50	51	52	53	54	55	56	57	58	59	60	61	62	63	64	65	66	67	68	69	70	71	72	73	74
1HS_S6_R1_001	4048241	1956701	831239	449667	142982	121074	122306	112895	134676	141824	105445	114381	158466	98328	172514	96102	168899	166240	165984	177416	172563	146659	111896	112968	144068	94102	111670	150291	129457	127517	136121	155412	92436	126274	99536	89186	108560	88306	71814	72994	58857	46881	37427	29349	22916	21109	7593	4879	654	627	746	1537	1210	464	366	137	39	93	98	40	25	16	102	62	84	700	615	492	1574	1392	393	449	163	142
	1	2	3	4	5	6	7	9	10	12	19	24	35	36	37	40	45	48	57	66	67	68	70	71	72	73	74
1HS_S6_R2_001	11741799	101052	51056	56140	30130	37	1	1	2	2	1	1	5	2	6	1	1	2	1	1	2	7	5	4	6	5	2
	1	2	3	4	5	6	7	8	9	10	11	12	13	14	15	16	17	18	19	20	21	22	23	24	25	26	27	28	29	30	31	32	33	34	35	36	37	38	39	40	41	42	43	44	45	46	47	48	49	50	51	52	53	54	55	56	57	58	59	60	61	62	63	64	65	66	67	68	69	70	71	72	73	74	75	76
1MRLA_S9_R1_001	4028413	1689658	844755	535816	355140	213129	133534	102773	136670	141552	83744	97129	175008	66739	188901	55950	169541	129677	121550	181765	179243	172280	115033	112589	168405	61651	104401	164999	99345	105305	111806	175096	55245	159286	65349	138369	52437	126625	46444	87501	70721	57067	46628	38101	31120	31615	15151	9026	2468	1770	1164	1608	1287	503	724	577	109	154	120	58	50	23	82	15	35	143	127	148	615	1028	297	695	608	382	123	86
	1	2	3	4	5	6	7	9	10	11	18	19	21	22	25	31	33	38	53	57	66	69	70	71	72	73	74	75	76
1MRLA_S9_R2_001	10944453	126234	51962	75210	35204	238	5	2	2	2	1	1	2	1	1	1	1	1	1	1	1	4	4	5	5	6	6	3	2
	1	2	3	4	5	6	7	8	9	10	11	12	13	14	15	16	17	18	19	20	21	22	23	24	25	26	27	28	29	30	31	32	33	34	35	36	37	38	39	40	41	42	43	44	45	46	47	48	49	50	51	52	53	54	55	56	57	58	59	60	61	62	63	64	65	66	67	68	69	70	71	72	73	74	75	76
1PEM_S1_R1_001	3202858	1336528	676278	447392	309443	183097	112355	86325	112749	116024	68837	79812	142202	55197	153419	45772	137275	101818	98246	146720	147159	137185	101195	95291	137165	49940	85810	130833	84885	84468	91655	136316	55597	131985	80255	67816	71932	62774	83252	55209	58186	47577	38828	31068	26929	27359	13255	7989	2098	1579	978	1233	997	374	643	493	100	137	105	60	32	15	63	22	16	96	94	116	452	869	243	636	572	376	130	103
	1	2	3	4	5	6	7	8	9	10	11	20	26	37	42	47	71	73	74
1PEM_S1_R2_001	8760942	104383	42149	62739	29395	222	9	1	1	4	2	1	2	1	1	1	1	1	4
	1	2	3	4	5	6	7	8	9	10	11	12	13	14	15	16	17	18	19	20	21	22	23	24	25	26	27	28	29	30	31	32	33	34	35	36	37	38	39	40	41	42	43	44	45	46	47	48	49	50	51	52	53	54	55	56	57	58	59	60	61	62	63	64	65	66	67	68	69	70	71	72	73	74	75	76
1RDAS_S11_R1_001	3558418	1493864	749637	529356	410000	238780	135053	104734	135251	130855	87926	93047	171039	66522	183840	54378	162231	121651	113054	171120	174682	172817	120894	116813	165430	60711	103785	156473	97960	101736	105219	162099	63150	149322	95362	79152	99597	93268	51844	78230	71130	55452	44612	35581	29417	30001	13712	9247	2268	1887	978	1172	1022	390	714	612	121	125	103	54	40	16	66	20	16	101	100	94	417	880	229	679	642	371	126	79
	1	2	3	4	5	6	7	10	11	12	15	22	25	28	30	33	34	37	40	43	46	53	69	70	71	72	73	74	76
1RDAS_S11_R2_001	9894330	118947	48024	71561	33371	274	7	4	3	1	1	1	1	1	1	2	1	2	1	1	1	1	2	7	4	1	4	1	1
	1	2	3	4	5	6	7	8	9	10	11	12	13	14	15	16	17	18	19	20	21	22	23	24	25	26	27	28	29	30	31	32	33	34	35	36	37	38	39	40	41	42	43	44	45	46	47	48	49	50	51	52	53	54	55	56	57	58	59	60	61	62	63	64	65	66	67	68	69	70	71	72	73	74	75	76
20_P_ES_S30_R1_001	2595137	1100331	617226	554456	445900	372118	132232	111749	104922	100723	108382	105015	104243	106115	100774	104745	108297	102092	109443	119033	135399	142073	144410	137493	109889	88232	88545	89482	92288	87392	90625	92787	90986	92503	84870	85922	73427	68579	66975	67220	65194	60790	50627	42126	34790	29295	23293	18203	13625	9198	4825	2545	2800	445	846	3539	1133	331	570	802	191	834	3517	1597	1411	1070	2064	1222	1991	12978	8878	6236	8105	14552	1230	1329
	1	2	3	4	5	6	7	10	11	13	16	23	24	33	34	40	42	49	51	57	62	67	68	69	70	71	72	73	74	75	76
20_P_ES_S30_R2_001	8343699	77850	70521	60876	49960	190	1	2	2	1	1	1	1	2	1	1	1	1	1	1	1	1	2	1	5	11	14	17	22	10	6
	1	2	3	4	5	6	7	8	9	10	11	12	13	14	15	16	17	18	19	20	21	22	23	24	25	26	27	28	29	30	31	32	33	34	35	36	37	38	39	40	41	42	43	44	45	46	47	48	49	50	51	52	53	54	55	56	57	58	59	60	61	62	63	64	65	66	67	68	69	70	71	72	73	74	75	76
21_P_ME_S31_R1_001	3345030	1397439	750688	692963	570452	507893	161384	135647	128709	123014	133390	130376	128464	135551	128550	135302	140080	135803	147078	161760	179833	187113	185376	179461	145906	120777	123617	128302	132140	121995	129802	138153	141445	150492	118479	128900	124042	101342	108019	109747	109408	93519	78781	66002	55567	46888	37417	29659	23177	15848	8364	4783	6797	1198	2700	10431	3389	1073	1771	2230	699	2441	8407	3298	2929	2190	4458	2650	5072	34362	25466	17833	24314	43927	4390	4622
	1	2	3	4	5	6	7	8	9	10	12	14	34	40	41	43	57	66	68	69	70	71	72	73	74	75	76
21_P_ME_S31_R2_001	10697405	121907	111338	97259	77784	347	4	1	1	5	1	1	1	1	1	2	1	1	2	1	12	21	22	25	31	18	14
	1	2	3	4	5	6	7	8	9	10	11	12	13	14	15	16	17	18	19	20	21	22	23	24	25	26	27	28	29	30	31	32	33	34	35	36	37	38	39	40	41	42	43	44	45	46	47	48	49	50	51	52	53	54	55	56	57	58	59	60	61	62	63	64	65	66	67	68	69	70	71	72	73	74	75	76
22_P_CE_S32_R1_001	2986446	1266273	704700	633274	496927	459258	149628	125852	119496	114314	122973	120424	120715	124593	122758	125610	133110	129060	138632	147221	163083	166111	161923	152136	125123	106917	107951	111298	114324	106264	112763	116754	117843	119937	108863	112087	89811	81840	83228	83994	77941	70416	55189	45690	37533	30459	24575	18518	13373	8791	4246	2001	2335	353	787	2517	895	219	324	353	123	535	2066	969	866	750	1274	826	1425	8171	6168	4116	4950	9191	840	1057
	1	2	3	4	5	6	7	10	13	17	21	22	31	40	41	43	46	47	68	69	70	71	72	73	74	75	76
22_P_CE_S32_R2_001	9556296	93024	83877	69957	54746	301	1	1	1	2	1	1	1	1	1	2	1	1	1	3	6	7	9	17	11	12	5
	1	2	3	4	5	6	7	8	9	10	11	12	13	14	15	16	17	18	19	20	21	22	23	24	25	26	27	28	29	30	31	32	33	34	35	36	37	38	39	40	41	42	43	44	45	46	47	48	49	50	51	52	53	54	55	56	57	58	59	60	61	62	63	64	65	66	67	68	69	70	71	72	73	74	75	76
23_P_FA_S33_R1_001	3135565	1307914	707351	627499	488380	447764	140868	118619	111029	106696	116478	113092	112847	115054	112034	115031	120628	116772	127295	139344	155261	160484	157331	146114	121853	101070	102040	103919	108881	99612	107933	108220	114513	111162	109467	94816	92958	84309	78348	82307	77851	68422	56102	45661	37168	30123	23486	17617	12945	8455	4484	2180	2782	526	1312	3719	1485	299	529	557	252	945	2963	1430	1441	1061	1803	1122	2395	11328	9982	7123	8672	15708	1827	3008
	1	2	3	4	5	6	7	10	13	21	24	25	34	35	36	40	42	45	51	53	68	69	70	71	72	73	74	75	76
23_P_FA_S33_R2_001	9716446	92488	82713	69486	55508	311	1	2	1	1	1	1	1	3	1	1	1	2	1	1	2	2	3	7	16	25	14	7	5
	1	2	3	4	5	6	7	8	9	10	11	12	13	14	15	16	17	18	19	20	21	22	23	24	25	26	27	28	29	30	31	32	33	34	35	36	37	38	39	40	41	42	43	44	45	46	47	48	49	50	51	52	53	54	55	56	57	58	59	60	61	62	63	64	65	66	67	68	69	70	71	72	73	74
2AF_S2_R1_001	4479623	2134879	867976	463343	157427	136383	143236	130264	156078	172751	114387	132491	182477	112792	201364	114154	201983	199990	199013	207896	199662	167398	134588	139280	172561	114617	139239	187946	162034	157395	166415	179178	129038	160224	104770	120503	130787	111874	118102	72734	72822	57610	46287	36292	28199	24885	9059	5784	922	968	1288	2366	1771	566	532	181	58	136	162	60	57	43	164	82	169	1040	1006	775	2360	1907	580	620	259	200
	1	2	3	4	5	6	7	8	9	10	11	12	15	17	21	22	23	30	35	37	38	39	40	58	67	68	69	70	71	72	73	74
2AF_S2_R2_001	12939306	127915	58439	69370	36676	49	8	2	2	6	1	1	1	1	2	1	2	1	4	15	1	1	2	1	1	3	4	4	12	5	2	2
	1	2	3	4	5	6	7	8	9	10	11	12	13	14	15	16	17	18	19	20	21	22	23	24	25	26	27	28	29	30	31	32	33	34	35	36	37	38	39	40	41	42	43	44	45	46	47	48	49	50	51	52	53	54	55	56	57	58	59	60	61	62	63	64	65	66	67	68	69	70	71	72	73	74
2HS_S7_R1_001	4507108	2106445	781550	427354	151129	133610	141223	126686	151021	168027	109390	128157	178406	109591	200854	113528	203896	196027	186616	190482	178865	154651	124404	130496	164162	107363	133788	179206	151962	142549	148104	173874	102332	140946	103909	113900	89650	97829	103256	55173	60164	45869	36446	28991	22473	19682	6681	4187	719	843	1045	1858	1212	383	405	133	45	111	121	37	38	19	101	67	160	1134	985	738	2158	1589	452	507	186	191
	1	2	3	4	5	6	7	8	9	10	11	13	17	20	21	23	27	29	33	34	35	36	37	38	39	44	65	66	67	68	69	70	71	72	73	74
2HS_S7_R2_001	12780932	109633	50936	55832	29170	66	2	1	3	4	1	2	1	1	1	1	1	1	1	2	4	1	10	1	1	1	1	2	2	5	7	9	7	6	3	1
	1	2	3	4	5	6	7	8	9	10	11	12	13	14	15	16	17	18	19	20	21	22	23	24	25	26	27	28	29	30	31	32	33	34	35	36	37	38	39	40	41	42	43	44	45	46	47	48	49	50	51	52	53	54	55	56	57	58	59	60	61	62	63	64	65	66	67	68	69	70	71	72	73	74	75	76
2MRPF_S10_R1_001	3531332	1448212	719960	489766	358755	217771	124305	93553	121927	126098	73582	85765	155214	58768	167459	48933	148784	112076	104973	158828	159636	159228	106644	104645	150986	55638	94431	149097	87703	96057	96537	161557	50583	171212	35761	97747	130268	35945	98606	62665	67238	55962	47151	37518	33005	34837	15728	9387	2657	2027	1352	1413	1066	455	744	623	138	134	104	40	23	10	55	19	13	71	70	65	354	693	183	505	516	265	88	38
	1	2	3	4	5	6	7	8	9	10	11	21	34	36	37	38	40	68	69	70	72	73	74	76
2MRPF_S10_R2_001	9615102	117163	48987	74295	35488	206	4	1	2	2	1	1	1	1	1	1	2	1	2	1	2	3	3	1
	1	2	3	4	5	6	7	8	9	10	11	12	13	14	15	16	17	18	19	20	21	22	23	24	25	26	27	28	29	30	31	32	33	34	35	36	37	38	39	40	41	42	43	44	45	46	47	48	49	50	51	52	53	54	55	56	57	58	59	60	61	62	63	64	65	66	67	68	69	70	71	72	73	74	75	76
2PSL_S2_R1_001	3416714	1392195	714084	497973	372399	219939	122551	91565	119237	120358	73559	82743	148134	58458	159767	48429	142161	107055	101518	149265	155582	150097	109172	104569	143573	53671	88783	136875	83821	87327	92055	148167	48435	102276	128127	70309	68840	89604	75108	55253	64807	51955	43327	34252	28876	29788	14375	9318	2299	2015	1110	1292	910	384	658	546	122	130	77	39	24	9	35	12	8	72	64	61	311	606	184	492	555	302	126	73
	1	2	3	4	5	6	7	9	10	11	21	23	36	37	38	39	40	41	47	62	72	73	74	75
2PSL_S2_R2_001	9280935	108526	46867	67597	32918	273	4	3	7	2	1	1	1	3	1	1	2	1	1	1	2	4	5	2
	1	2	3	4	5	6	7	8	9	10	11	12	13	14	15	16	17	18	19	20	21	22	23	24	25	26	27	28	29	30	31	32	33	34	35	36	37	38	39	40	41	42	43	44	45	46	47	48	49	50	51	52	53	54	55	56	57	58	59	60	61	62	63	64	65	66	67	68	69	70	71	72	73	74	75	76
2RDAM_S12_R1_001	3737308	1552295	764187	469475	294970	181949	114951	89060	118902	123462	72430	82595	148269	56280	156656	47269	141596	107662	100602	146624	141932	128485	89837	88828	131497	49390	82498	128692	80320	79956	82847	128257	50740	119790	57122	72539	43333	59946	82984	26226	46826	34802	26693	21362	16944	16551	7522	4413	1131	844	499	797	619	264	317	231	59	100	93	35	27	13	55	19	19	90	89	95	467	737	211	489	464	259	94	79
	1	2	3	4	5	6	7	10	12	13	27	32	36	37	38	39	44	45	47	53	55	64	67	69	70	71	72	73	74	75
2RDAM_S12_R2_001	9879455	84957	37107	46597	21102	237	6	3	2	1	1	2	1	3	2	1	1	1	1	1	1	1	1	6	2	10	4	6	7	3
	
3AF_S3_R1_001	
	1	2	3	4	5	6	7	8	9	10	11	12	13	14	15	16	17	18	19	20	21	22	23	24	25	26	27	28	29	30	31	32	33	34	35	36	37	38	39	40	41	42	43	44	45	46	47	48	49	50	51	52	53	54	55	56	57	58	59	60	61	62	63	64	65	66	67	68	69	70	71	72	73	74
3HS_S8_R1_001	3761106	1799245	723943	394005	136772	119419	125106	113929	135321	150438	99225	115300	159016	99576	174622	99611	176446	171724	172317	178721	172658	137985	122378	120636	148635	96569	117186	157328	136931	128200	144155	154908	95147	127438	105285	94120	99634	91976	86906	68349	58555	46665	37303	29041	22626	19707	7096	4472	643	754	953	1676	1304	398	379	128	38	86	103	42	28	26	112	59	100	788	766	550	1863	1483	452	512	207	133
	1	2	3	4	5	6	7	8	9	11	12	15	17	29	35	36	37	39	45	64	65	68	69	70	71	72	73	74
3HS_S8_R2_001	10983039	102637	49152	55846	29725	38	7	3	2	2	1	1	1	2	2	3	8	1	1	1	1	3	2	2	3	5	2	1
	1	2	3	4	5	6	7	8	9	10	11	12	13	14	15	16	17	18	19	20	21	22	23	24	25	26	27	28	29	30	31	32	33	34	35	36	37	38	39	40	41	42	43	44	45	46	47	48	49	50	51	52	53	54	55	56	57	58	59	60	61	62	63	64	65	66	67	68	69	70	71	72	73	74	75	76
3PDR_S3_R1_001	3910509	1608400	795999	517639	352962	212837	127111	96478	126985	130710	77811	89842	161475	62448	172662	52046	154319	117786	111932	165710	167416	157851	111105	107320	154487	56885	96084	146778	96596	97082	100970	154571	64042	163706	50534	102499	92802	82461	67410	68535	65277	56231	44637	37038	30943	32021	14586	8992	2254	1915	1161	1382	1075	383	667	516	125	170	160	78	42	24	77	26	23	140	139	148	753	1264	355	905	936	547	236	148
	1	2	3	4	5	6	7	9	10	12	14	15	17	21	30	36	37	40	49	53	65	68	71	72	73	74
3PDR_S3_R2_001	10445238	118480	49770	72372	34037	263	5	1	3	2	1	1	1	1	1	1	3	1	1	1	1	1	5	6	1	2
	1	2	3	4	5	6	7	8	9	10	11	12	13	14	15	16	17	18	19	20	21	22	23	24	25	26	27	28	29	30	31	32	33	34	35	36	37	38	39	40	41	42	43	44	45	46	47	48	49	50	51	52	53	54	55	56	57	58	59	60	61	62	63	64	65	66	67	68	69	70	71	72	73	74	75	76
3RAM_S13_R1_001	3716125	1550512	797729	518009	356694	210102	129366	100312	132613	135545	82278	93475	168083	66150	181695	55154	163345	124513	119715	177138	180720	158219	131546	120654	169310	62819	105616	162976	105614	104839	119616	167818	71475	161471	105399	85932	107958	94091	92746	93832	86831	71178	59255	48709	42630	44311	21655	13548	3174	2633	1623	1805	1201	415	668	526	134	175	133	74	35	14	75	15	23	121	106	122	562	1054	311	748	772	478	178	97
	1	2	3	4	5	6	7	9	10	11	23	24	31	35	36	37	69	71	72	76
3RAM_S13_R2_001	10202739	143290	59189	91337	44437	258	7	2	3	3	1	1	2	1	1	1	1	1	1	1
	1	2	3	4	5	6	7	8	9	10	11	12	13	14	15	16	17	18	19	20	21	22	23	24	25	26	27	28	29	30	31	32	33	34	35	36	37	38	39	40	41	42	43	44	45	46	47	48	49	50	51	52	53	54	55	56	57	58	59	60	61	62	63	64	65	66	67	68	69	70	71	72	73	74	75	76
3_MR_MF_S16_R1_001	3004292	1271892	706020	651922	528101	481437	152533	128960	118591	115287	125430	123267	122411	129397	124112	130713	135186	131774	142709	154057	171292	176248	174943	168339	137928	116068	117436	121150	122812	114228	121208	126764	132512	131190	131221	113809	112703	95908	101472	97637	96581	84433	67836	56955	47632	38989	30958	24076	18187	12549	6772	4142	6096	972	1841	7167	2585	511	987	1516	520	1574	7785	3682	3845	3981	7186	3824	3735	18937	11456	7831	9360	19197	1624	1858
	1	2	3	4	5	6	8	10	11	17	18	20	21	22	29	64	66	68	70	71	72	73	74	75	76
3_MR_MF_S16_R2_001	9781687	110826	100050	86272	67429	332	2	1	2	1	1	1	1	1	1	1	1	1	8	11	9	22	19	12	7
	1	2	3	4	5	6	7	8	9	10	11	12	13	14	15	16	17	18	19	20	21	22	23	24	25	26	27	28	29	30	31	32	33	34	35	36	37	38	39	40	41	42	43	44	45	46	47	48	49	50	51	52	53	54	55	56	57	58	59	60	61	62	63	64	65	66	67	68	69	70	71	72	73	74
4AF_S4_R1_001	4320995	2009531	768137	415492	145440	127546	134844	120871	144475	162345	105261	124038	173536	104306	192505	106946	194845	188754	182970	190638	178554	155990	121052	125788	159924	104201	129975	177353	147363	143323	152823	186601	88484	149055	95008	137893	86215	120200	74930	78778	64095	51776	41335	32762	25495	22429	7951	4814	905	875	1256	2141	1464	483	439	142	42	103	115	30	41	19	124	86	132	905	887	601	1932	1534	418	506	182	145
	1	2	3	4	5	6	7	8	9	10	14	20	21	22	27	29	34	35	36	37	38	39	40	57	62	66	67	68	69	70	71	72	74
4AF_S4_R2_001	12289526	114288	53683	62174	33081	52	2	2	1	3	1	1	1	1	1	1	1	5	5	11	1	1	2	1	1	2	2	6	5	8	9	2	1
	1	2	3	4	5	6	7	8	9	10	11	12	13	14	15	16	17	18	19	20	21	22	23	24	25	26	27	28	29	30	31	32	33	34	35	36	37	38	39	40	41	42	43	44	45	46	47	48	49	50	51	52	53	54	55	56	57	58	59	60	61	62	63	64	65	66	67	68	69	70	71	72	73	74
4HS_S9_R1_001	4575057	2171020	831809	459497	164498	144937	154873	138987	164401	183616	119937	140091	196443	119327	218190	122610	221293	214765	206132	214116	202989	174286	140009	145693	185005	119394	149449	198454	174956	163842	167099	187735	129497	146892	126082	146542	118641	104770	96986	92135	67939	56435	45499	36065	27896	24907	8262	5165	912	894	1274	2154	1603	519	477	154	42	128	159	58	58	35	161	115	168	1314	1255	940	2881	2392	732	915	428	295
	1	2	3	4	5	6	7	9	10	11	15	17	24	26	27	29	30	31	34	35	36	37	38	39	45	49	53	55	61	67	68	69	70	71	72	73	74
4HS_S9_R2_001	13290923	126588	58514	68206	36406	65	4	1	4	2	1	1	1	1	1	1	1	1	3	8	3	15	1	1	1	1	1	1	1	3	8	14	7	10	7	6	1
	1	2	3	4	5	6	7	8	9	10	11	12	13	14	15	16	17	18	19	20	21	22	23	24	25	26	27	28	29	30	31	32	33	34	35	36	37	38	39	40	41	42	43	44	45	46	47	48	49	50	51	52	53	54	55	56	57	58	59	60	61	62	63	64	65	66	67	68	69	70	71	72	73	74	75	76
4PSR_S4_R1_001	3817858	1583392	799132	532759	374608	223448	131742	100261	131764	134031	80616	92909	165752	63740	177762	53003	156954	118743	112603	169294	170262	165685	113728	110193	157583	57957	99205	153026	89035	94715	103824	164168	49796	110212	150528	46585	104331	79710	67610	65734	71157	54595	44546	36219	30310	30750	14399	8791	2177	1716	1006	1229	974	413	585	481	124	138	116	41	30	15	68	22	20	97	98	87	522	978	295	732	723	485	149	87
	1	2	3	4	5	6	7	9	10	11	16	18	25	26	35	37	38	40	41	54	63	70	71	72	73	74	75
4PSR_S4_R2_001	10346315	117909	49939	71583	33522	249	5	4	1	1	1	1	1	1	3	1	1	1	1	1	2	1	5	4	3	3	2
	1	2	3	4	5	6	7	8	9	10	11	12	13	14	15	16	17	18	19	20	21	22	23	24	25	26	27	28	29	30	31	32	33	34	35	36	37	38	39	40	41	42	43	44	45	46	47	48	49	50	51	52	53	54	55	56	57	58	59	60	61	62	63	64	65	66	67	68	69	70	71	72	73	74	75	76
4RRS_S14_R1_001	3309444	1390406	704897	449668	302090	188574	118245	89977	120111	122828	72762	83501	149658	58034	161338	48469	145093	110484	103175	153322	152691	141053	98596	95414	139877	51214	87264	133440	90194	88791	88579	131768	64562	114483	74009	103082	63266	65554	60232	71376	56881	48641	40027	32507	27662	29565	13406	8149	2246	1728	1017	1208	961	312	494	375	104	148	148	66	42	10	94	26	28	119	130	126	608	1065	309	788	775	481	174	121
	1	2	3	4	5	6	7	9	10	11	13	15	17	18	20	22	24	25	32	36	37	39	40	42	45	50	65	68	69	70	71	72	73	74	75
4RRS_S14_R2_001	9038145	103288	43619	63263	30000	235	5	2	2	2	1	1	1	1	2	1	2	1	1	1	2	1	1	1	1	2	1	1	2	2	5	3	5	2	5
	1	2	3	4	5	6	7	8	9	10	11	12	13	14	15	16	17	18	19	20	21	22	23	24	25	26	27	28	29	30	31	32	33	34	35	36	37	38	39	40	41	42	43	44	45	46	47	48	49	50	51	52	53	54	55	56	57	58	59	60	61	62	63	64	65	66	67	68	69	70	71	72	73	74	75	76
4_MR_CL_S17_R1_001	4556051	1913252	1011731	937015	776253	722900	219277	183060	171524	161802	172845	167880	165764	173957	166547	172983	177816	169628	182938	196647	216659	221347	216923	208098	167279	138805	139450	142807	147090	132588	142370	145852	150532	149758	145657	120516	119293	103618	101725	104721	99908	91524	73230	61150	51508	43787	35571	28281	22143	14774	7730	3986	5083	870	1758	4871	2010	618	798	936	238	982	3445	1410	1269	942	1799	968	2217	12594	9229	6797	9487	16697	1427	1925
	1	2	3	4	5	6	7	8	9	10	11	12	13	14	15	16	17	18	20	21	22	23	24	25	26	28	29	30	31	32	33	34	35	36	37	38	39	40	41	42	43	44	45	46	48	51	57	65	67	69	70	71	72	73	74	75	76
4_MR_CL_S17_R2_001	14200446	126802	111362	93985	74155	1041	10	3	6	16	16	3	2	3	5	3	3	2	6	4	4	4	5	1	5	4	3	1	5	6	1	6	2	2	5	3	1	1	1	2	2	1	2	1	1	2	1	1	1	2	7	10	6	21	29	9	9
	1	2	3	4	5	6	7	8	9	10	11	12	13	14	15	16	17	18	19	20	21	22	23	24	25	26	27	28	29	30	31	32	33	34	35	36	37	38	39	40	41	42	43	44	45	46	47	48	49	50	51	52	53	54	55	56	57	58	59	60	61	62	63	64	65	66	67	68	69	70	71	72	73	74
5AF_S5_R1_001	3768354	1775991	720039	392117	124457	106814	110092	99236	119078	133642	84954	101092	139947	83532	152220	83454	148784	146510	144467	155762	147103	129213	95335	98609	123729	80234	97972	132555	109014	109737	113444	143176	67392	133489	46019	83461	102849	52887	73784	49786	45507	35650	28691	22168	16949	15089	5065	2891	455	448	650	1206	935	295	262	62	28	53	51	15	15	16	63	28	61	511	497	325	1097	931	303	332	90	83
	1	2	3	4	5	6	7	8	9	10	11	20	22	24	27	28	32	34	35	36	37	38	40	48	67	68	69	70	71	72	73	74
5AF_S5_R2_001	10593643	86024	40123	44671	23122	40	1	1	1	4	3	1	1	1	1	1	1	1	2	3	12	1	2	1	2	1	5	6	6	3	2	1
	1	2	3	4	5	6	7	8	9	10	11	12	13	14	15	16	17	18	19	20	21	22	23	24	25	26	27	28	29	30	31	32	33	34	35	36	37	38	39	40	41	42	43	44	45	46	47	48	49	50	51	52	53	54	55	56	57	58	59	60	61	62	63	64	65	66	67	68	69	70	71	72	73	74
5HS_S10_R1_001	4168269	1957987	760940	407636	139148	121588	127361	115730	137476	154686	101220	118256	163892	99955	180839	100675	181429	178122	173417	181487	172148	148456	116939	121652	154862	100455	124210	167144	144379	136913	147637	167972	101643	144846	100706	94733	111435	105392	84459	78419	62549	51210	41221	33296	25927	22877	8172	5009	804	861	1349	2195	1600	566	437	126	44	77	78	29	32	33	91	63	104	808	756	565	1777	1440	436	499	229	178
	1	2	3	4	5	6	7	9	10	11	12	18	23	24	28	30	34	35	36	37	40	42	53	57	65	66	67	68	69	70	71	72	73	74
5HS_S10_R2_001	11893625	113817	52506	61635	32989	59	5	1	2	2	1	1	1	1	1	1	1	6	2	5	2	1	1	1	1	1	3	4	7	7	7	4	4	2
	1	2	3	4	5	6	7	8	9	10	11	12	13	14	15	16	17	18	19	20	21	22	23	24	25	26	27	28	29	30	31	32	33	34	35	36	37	38	39	40	41	42	43	44	45	46	47	48	49	50	51	52	53	54	55	56	57	58	59	60	61	62	63	64	65	66	67	68	69	70	71	72	73	74	75	76
5PAM_S5_R1_001	3729891	1538917	775841	517609	365591	218822	131691	101452	133273	134943	80234	92304	165151	64023	177671	53252	158811	120831	113599	170153	172811	165479	114499	111763	161521	59859	100241	153158	102447	102051	105465	157516	71657	155211	66411	106223	81011	91944	103268	70719	76159	63171	53108	43811	37776	39793	19799	12640	3172	2734	1565	1738	1286	437	767	542	139	182	139	68	34	15	74	23	22	108	80	114	474	894	274	750	780	494	151	91
	1	2	3	4	5	6	7	9	10	12	13	22	23	30	34	35	37	38	45	50	61	64	67	68	69	70	71	72	73	74	75
5PAM_S5_R2_001	10167761	131907	53098	82259	39488	246	4	1	4	1	1	3	1	1	1	1	1	1	1	1	1	1	1	2	3	3	4	4	5	4	3
	1	2	3	4	5	6	7	8	9	10	11	12	13	14	15	16	17	18	19	20	21	22	23	24	25	26	27	28	29	30	31	32	33	34	35	36	37	38	39	40	41	42	43	44	45	46	47	48	49	50	51	52	53	54	55	56	57	58	59	60	61	62	63	64	65	66	67	68	69	70	71	72	73	74	75	76
5ROCA_S15_R1_001	3551849	1470861	723537	474270	327882	202747	115863	88142	114972	118073	69876	80471	143598	55216	153828	45653	135656	103534	96948	144480	145356	137263	95635	93104	134035	49521	82990	126092	79865	79989	87089	129366	53157	128255	62668	54373	80079	72087	50938	58843	52209	42782	34131	27507	22467	22157	10410	6742	1674	1229	776	810	701	299	471	340	75	102	71	35	19	14	57	17	21	86	64	89	412	685	203	543	519	291	99	92
	1	2	3	4	5	6	7	9	10	11	18	20	24	33	34	35	37	39	40	63	66	68	69	70	71	72	73	74
5ROCA_S15_R2_001	9478742	95510	40537	56233	26122	258	2	2	2	1	2	1	1	1	1	1	2	1	1	2	1	1	2	1	7	2	3	3
	1	2	3	4	5	6	7	8	9	10	11	12	13	14	15	16	17	18	19	20	21	22	23	24	25	26	27	28	29	30	31	32	33	34	35	36	37	38	39	40	41	42	43	44	45	46	47	48	49	50	51	52	53	54	55	56	57	58	59	60	61	62	63	64	65	66	67	68	69	70	71	72	73	74	75	76
5_MR_PC_S18_R1_001	3241711	1388356	810418	752473	618525	565752	188281	159550	153428	148438	159380	157240	156006	166393	161449	169142	177555	174327	188735	205645	228108	236349	232987	222686	184057	154789	158875	162632	172318	159365	170540	175189	191720	193985	160516	176406	151509	135090	136949	141145	136500	122018	98898	82531	68761	57627	46006	36552	27587	17831	8776	4079	4321	735	1464	3638	1562	396	532	422	167	663	2195	1055	1009	835	1339	891	1952	9931	8318	5607	7072	11751	1254	1490
	1	2	3	4	5	6	7	15	20	22	24	28	29	31	36	37	41	68	69	70	71	72	73	74	75	76
5_MR_PC_S18_R2_001	11113197	150907	138287	121918	97177	382	1	2	2	1	1	1	1	1	1	2	2	3	5	2	6	18	10	18	9	6
	1	2	3	4	5	6	7	8	9	10	11	12	13	14	15	16	17	18	19	20	21	22	23	24	25	26	27	28	29	30	31	32	33	34	35	36	37	38	39	40	41	42	43	44	45	46	47	48	49	50	51	52	53	54	55	56	57	58	59	60	61	62	63	64	65	66	67	68	69	70	71	72	73	74	75
6AF_S1_R1_001	2947717	1408303	472595	439854	368653	125803	99610	92524	91381	120413	66713	91923	118649	71682	118284	71395	108253	102020	103064	124117	124585	150206	94930	62636	84010	75199	77902	90779	70402	75597	78556	107188	49079	71171	73523	57319	55881	51118	43894	50774	40387	35064	29143	23289	19068	14353	10760	8149	6042	4617	1575	2005	721	743	497	983	643	217	361	326	196	673	1029	590	451	335	1374	699	990	3759	1533	934	1261	701	154
	1	2	3	4	5	6	7	8	10	11	12	13	19	25	26	27	29	34	36	39	48	49	52	56	57	64	67	68	69	70	71	72	73	74
6AF_S1_R2_001	8610153	75027	40930	36437	28541	51	6	1	4	2	2	3	1	1	1	1	1	1	1	1	1	1	1	1	1	1	2	1	3	4	2	4	8	6
	1	2	3	4	5	6	7	8	9	10	11	12	13	14	15	16	17	18	19	20	21	22	23	24	25	26	27	28	29	30	31	32	33	34	35	36	37	38	39	40	41	42	43	44	45	46	47	48	49	50	51	52	53	54	55	56	57	58	59	60	61	62	63	64	65	66	67	68	69	70	71	72	73	74	75	76
6PAG_S6_R1_001	3528012	1457570	739412	458093	301791	183243	118659	92408	123001	127697	75569	87160	155942	59825	166958	50001	151622	116578	109895	163500	161192	152286	102577	100995	149348	54656	92268	145224	88183	92656	95005	147912	58583	150434	67524	61805	80934	109193	65165	60321	61546	51374	41445	34315	28626	29054	13513	7900	2164	1515	1018	1206	989	388	514	394	116	141	102	49	34	18	61	21	23	117	110	101	487	869	259	610	543	302	113	82
	1	2	3	4	5	6	7	10	11	21	22	25	26	32	40	41	43	52	57	58	66	69	70	71	72	73	74	75	76
6PAG_S6_R2_001	9503359	110866	47753	67164	31862	226	3	3	2	1	1	1	1	1	1	1	1	1	1	1	1	2	10	6	11	7	1	5	1
	1	2	3	4	5	6	7	8	9	10	11	12	13	14	15	16	17	18	19	20	21	22	23	24	25	26	27	28	29	30	31	32	33	34	35	36	37	38	39	40	41	42	43	44	45	46	47	48	49	50	51	52	53	54	55	56	57	58	59	60	61	62	63	64	65	66	67	68	69	70	71	72	73	74	75
6R_FD_S15_R1_001	2075386	988306	337914	315673	273618	92393	73037	67667	66247	86789	48011	65187	85157	51511	84393	51352	77007	72380	73559	87924	87702	105465	66765	43389	58280	51988	53560	62665	47462	51428	52823	72474	32655	47351	48173	40021	32236	33357	32491	29192	24519	22526	18518	14236	11604	8924	6656	4873	3629	2608	894	1087	388	381	302	496	319	109	195	154	114	329	604	299	229	214	731	418	742	2280	930	616	716	351	75
	1	2	3	4	5	6	7	9	12	13	14	21	23	24	26	39	47	48	66	68	70	71	72	73	74	75
6R_FD_S15_R2_001	6040061	49368	26853	23298	18334	35	2	2	1	4	2	1	1	1	1	1	1	1	1	1	4	3	5	2	4	2
	1	2	3	4	5	6	7	8	9	10	11	12	13	14	15	16	17	18	19	20	21	22	23	24	25	26	27	28	29	30	31	32	33	34	35	36	37	38	39	40	41	42	43	44	45	46	47	48	49	50	51	52	53	54	55	56	57	58	59	60	61	62	63	64	65	66	67	68	69	70	71	72	73	74	75	76
6_MR_PM_S19_R1_001	2300984	962540	534644	477599	379812	337668	114388	98483	93970	88909	96104	93143	92415	96018	93091	97691	102026	98178	106498	114608	126758	129642	128458	119793	99840	83897	84799	88547	90122	85044	88609	90922	97198	100962	80198	84920	72597	71353	70341	68183	67943	62508	50287	42610	35586	30521	24747	18987	14767	10182	5421	2545	2774	416	773	2210	845	250	343	341	114	464	1884	884	860	726	1177	810	1274	7460	5741	3831	4717	8744	765	946
	1	2	3	4	5	6	8	11	18	24	38	39	41	53	60	66	68	69	70	71	72	73	74	75	76
6_MR_PM_S19_R2_001	7333656	78697	71571	61628	50420	228	1	1	1	1	1	1	1	1	2	2	1	2	7	3	11	12	10	4	6
	1	2	3	4	5	6	7	8	9	10	11	12	13	14	15	16	17	18	19	20	21	22	23	24	25	26	27	28	29	30	31	32	33	34	35	36	37	38	39	40	41	42	43	44	45	46	47	48	49	50	51	52	53	54	55	56	57	58	59	60	61	62	63	64	65	66	67	68	69	70	71	72	73	74	75
7AF_S2_R1_001	2487142	1196663	398018	351483	292925	101533	81637	75798	74626	98863	55080	73611	96028	57751	94164	57865	88188	83250	83462	99164	98076	113916	71828	48146	64035	56906	58340	66318	53732	55908	55793	67304	45821	56969	47272	37676	35235	36461	39033	25370	27180	24906	18693	14793	12016	9033	6541	4943	3569	2814	1143	1403	509	523	378	732	453	131	238	186	143	434	721	356	261	285	973	580	1040	3226	1352	828	996	453	118
	1	2	3	4	5	6	7	8	10	11	12	13	14	17	21	22	26	32	39	40	41	44	68	69	70	71	72	73	74	75
7AF_S2_R2_001	7194497	54220	29636	24891	19083	29	5	1	1	2	1	3	1	2	1	1	1	1	1	1	1	1	1	2	2	4	1	3	2	3
	1	2	3	4	5	6	7	8	9	10	11	12	13	14	15	16	17	18	19	20	21	22	23	24	25	26	27	28	29	30	31	32	33	34	35	36	37	38	39	40	41	42	43	44	45	46	47	48	49	50	51	52	53	54	55	56	57	58	59	60	61	62	63	64	65	66	67	68	69	70	71	72	73	74	75	76
7PIL_S7_R1_001	4333353	1791016	898455	590423	413950	246682	142998	109473	144126	147295	90055	101652	183391	71626	198870	60340	177315	135524	127461	188014	193930	180568	133695	129752	177595	68935	113427	171827	110518	112896	118990	168468	87747	179652	68610	105387	113567	89746	113964	71506	83923	66686	55463	44235	36845	37064	18017	11651	2890	2373	1397	1778	1455	513	882	637	158	204	193	90	56	22	116	38	26	173	127	143	687	1144	387	892	810	531	193	116
	1	2	3	4	5	6	7	8	9	10	11	12	16	18	23	31	35	37	39	41	53	65	66	67	68	69	70	71	72	73	74	75
7PIL_S7_R2_001	11727283	140636	58496	86282	41119	323	4	1	4	3	2	1	1	1	1	1	1	1	1	1	1	1	1	1	2	2	4	2	8	1	5	1
	1	2	3	4	5	6	7	8	9	10	11	12	13	14	15	16	17	18	19	20	21	22	23	24	25	26	27	28	29	30	31	32	33	34	35	36	37	38	39	40	41	42	43	44	45	46	47	48	49	50	51	52	53	54	55	56	57	58	59	60	61	62	63	64	65	66	67	68	69	70	71	72	73	74	75
7R_FV_S16_R1_001	1459913	691000	232528	215707	184830	61973	49521	45811	44225	58331	32278	43717	56981	33909	56145	34750	51756	48635	49636	58913	58299	70390	44989	29354	38919	35309	36447	42254	33798	35753	35754	44412	28156	39672	29902	21766	25082	22121	21745	19775	19260	16419	12440	10093	8282	6411	4865	3631	2771	2205	742	993	372	412	281	485	300	98	148	104	79	296	386	218	192	178	590	320	619	1985	851	563	706	313	77
	1	2	3	4	5	6	7	9	10	13	21	27	41	48	67	71	73	75
7R_FV_S16_R2_001	4218037	34661	18645	16472	12420	25	2	1	1	1	1	1	1	1	1	1	6	1
	1	2	3	4	5	6	7	8	9	10	11	12	13	14	15	16	17	18	19	20	21	22	23	24	25	26	27	28	29	30	31	32	33	34	35	36	37	38	39	40	41	42	43	44	45	46	47	48	49	50	51	52	53	54	55	56	57	58	59	60	61	62	63	64	65	66	67	68	69	70	71	72	73	74	75	76
7_MR_RC_S20_R1_001	1806813	758164	427995	397292	324257	293726	95933	80796	76158	73222	79136	78095	77761	81139	78665	81383	86038	82624	90847	97173	109371	111148	109993	103451	85548	71546	72605	75306	76249	71714	76548	78292	79901	83066	81152	65198	67429	59135	58227	63532	54573	51138	41625	34502	29021	24483	19713	15788	12289	9016	5125	3556	4985	754	1363	4363	1554	359	674	1179	579	1387	6029	2837	4236	4530	6430	3089	2383	12982	7420	4705	5251	9608	864	886
	1	2	3	4	5	6	7	38	68	69	70	71	72	73	74	75	76
7_MR_RC_S20_R2_001	5924824	66072	60139	52025	41147	198	2	1	1	2	3	4	6	7	9	7	3
	1	2	3	4	5	6	7	8	9	10	11	12	13	14	15	16	17	18	19	20	21	22	23	24	25	26	27	28	29	30	31	32	33	34	35	36	37	38	39	40	41	42	43	44	45	46	47	48	49	50	51	52	53	54	55	56	57	58	59	60	61	62	63	64	65	66	67	68	69	70	71	72	73	74	75
8AF_S3_R1_001	2402206	1093259	358534	315175	263922	83965	65466	59593	59045	78241	43758	59211	76161	45597	73895	45101	68311	63178	64319	76228	77068	91728	58085	38042	50313	45125	45798	52194	40658	43189	44713	59333	29728	40625	41311	33696	27369	29505	27510	27221	16869	19682	14905	11626	9597	7114	5267	3775	2912	2641	940	1364	516	510	383	746	548	196	422	546	343	726	780	404	281	226	837	448	642	2437	1045	669	875	443	122
	1	2	3	4	5	6	7	8	9	11	12	14	16	20	21	26	27	28	30	39	45	55	68	69	70	72	73	74	75
8AF_S3_R2_001	6518140	44475	24215	19973	15135	40	2	1	2	1	3	1	2	1	1	1	1	2	1	2	1	1	2	4	3	6	4	1	1
	1	2	3	4	5	6	7	8	9	10	11	12	13	14	15	16	17	18	19	20	21	22	23	24	25	26	27	28	29	30	31	32	33	34	35	36	37	38	39	40	41	42	43	44	45	46	47	48	49	50	51	52	53	54	55	56	57	58	59	60	61	62	63	64	65	66	67	68	69	70	71	72	73	74	75	76
8PSN_S8_R1_001	4385627	1800653	891158	602484	433743	255135	146479	111006	144550	147093	87882	101875	183758	70889	196623	59197	175014	131819	123561	186085	191270	182305	132124	127673	179027	65714	111647	166724	112859	112765	117036	167057	86326	150310	127520	93878	97421	109596	85496	88217	79661	70701	56826	46884	39254	41777	19603	12948	3228	2464	1566	1882	1499	584	1045	748	165	207	163	75	57	19	114	20	20	111	127	116	651	1129	343	851	832	505	224	125
	1	2	3	4	5	6	7	8	9	10	17	22	24	25	37	40	67	68	69	70	71	72	73	74	75	76
8PSN_S8_R2_001	11798517	143418	59994	89335	42551	313	6	1	3	6	1	1	2	1	1	2	1	1	1	3	4	6	6	2	1	2
	1	2	3	4	5	6	7	8	9	10	11	12	13	14	15	16	17	18	19	20	21	22	23	24	25	26	27	28	29	30	31	32	33	34	35	36	37	38	39	40	41	42	43	44	45	46	47	48	49	50	51	52	53	54	55	56	57	58	59	60	61	62	63	64	65	66	67	68	69	70	71	72	73	74	75
8R_BM_S17_R1_001	2255277	1027657	327365	284940	242484	77499	60908	55063	54245	71414	38771	52668	68438	41312	67887	41853	62282	57978	58984	70775	69650	83595	53300	35031	46136	42133	42723	49696	39317	41529	42870	52995	31427	40801	35089	37914	21619	35541	16064	25044	22957	17927	15601	12068	9829	7689	5707	4496	3168	2397	766	966	377	382	290	472	267	74	137	103	79	242	421	220	142	171	611	310	566	1847	783	476	553	304	69
	1	2	3	4	5	6	7	10	12	13	15	17	22	30	39	55	62	65	69	70	71	72	73	74	75
8R_BM_S17_R2_001	6142829	42042	23005	19869	15031	37	2	1	1	2	2	1	1	1	1	1	1	1	3	2	2	2	5	3	4
	1	2	3	4	5	6	7	8	9	10	11	12	13	14	15	16	17	18	19	20	21	22	23	24	25	26	27	28	29	30	31	32	33	34	35	36	37	38	39	40	41	42	43	44	45	46	47	48	49	50	51	52	53	54	55	56	57	58	59	60	61	62	63	64	65	66	67	68	69	70	71	72	73	74	75	76
8_MR_MA_S21_R1_001	2782301	1178801	670537	647307	561717	501536	160329	133778	126049	121047	131857	130693	132178	137901	133682	140268	148158	142211	153347	166372	189212	196932	197627	191734	155120	129166	131728	136838	141302	130822	137622	147740	150448	154561	145964	150793	121447	115472	112239	118203	115779	104655	84387	69117	58237	48589	38545	29581	22596	14521	7319	3551	4269	628	1411	3516	1506	300	407	420	166	544	2108	898	782	635	1149	703	1349	7644	5212	3777	4926	9346	885	1149
	1	2	3	4	5	6	7	18	26	27	35	44	45	46	50	59	63	69	70	71	72	73	74	75	76
8_MR_MA_S21_R2_001	9445778	127153	118434	105020	82493	297	1	1	1	1	2	2	1	1	1	1	1	1	2	2	12	15	11	12	8
	1	2	3	4	5	6	7	8	9	10	11	12	13	14	15	16	17	18	19	20	21	22	23	24	25	26	27	28	29	30	31	32	33	34	35	36	37	38	39	40	41	42	43	44	45	46	47	48	49	50	51	52	53	54	55	56	57	58	59	60	61	62	63	64	65	66	67	68	69	70	71	72	73	74	75
9AF_S4_R1_001	2907767	1329094	436187	404432	342685	107054	82336	75151	73811	96436	52712	71800	93155	55854	91114	56254	82849	77946	78591	94922	93705	109993	72482	50432	61906	55036	56461	64162	51154	53450	54192	67562	43823	60353	46935	32906	37841	33213	35008	31062	31398	21319	19664	15768	12913	9859	7193	5622	4487	3964	1527	1946	764	792	599	1113	637	173	277	234	154	486	682	426	312	322	1024	615	1192	3560	1477	1067	1183	644	158
	1	2	3	4	5	6	7	9	10	11	12	14	15	17	26	29	34	40	42	43	63	68	69	70	71	72	73	74	75
9AF_S4_R2_001	8003304	56702	30854	25973	20186	54	5	2	4	1	2	1	1	3	1	1	1	1	1	1	1	1	1	4	3	8	3	1	1
	1	2	3	4	5	6	7	8	9	10	11	12	13	14	15	16	17	18	19	20	21	22	23	24	25	26	27	28	29	30	31	32	33	34	35	36	37	38	39	40	41	42	43	44	45	46	47	48	49	50	51	52	53	54	55	56	57	58	59	60	61	62	63	64	65	66	67	68	69	70	71	72	73	74	75
9P_PA_S12_R1_001	2300324	1082297	369984	354994	302843	101045	80222	73222	72263	95544	52920	71725	94331	56093	92487	56739	84990	79196	80401	96948	97376	116732	73964	48023	63037	56809	58020	67307	51747	55292	56573	74793	40045	65435	33132	47028	35260	35080	35207	34913	24275	26220	19469	15754	12669	9900	7126	5520	4050	3141	1008	1314	467	525	352	720	419	115	197	184	127	399	547	370	235	231	846	411	644	2338	1031	593	784	495	127
	1	2	3	4	5	6	7	9	10	11	35	36	38	42	61	66	67	69	70	71	72	73	74
9P_PA_S12_R2_001	6666942	53398	28836	25479	19769	41	7	1	4	1	1	1	1	1	1	1	2	3	6	3	1	1	1
	1	2	3	4	5	6	7	8	9	10	11	12	13	14	15	16	17	18	19	20	21	22	23	24	25	26	27	28	29	30	31	32	33	34	35	36	37	38	39	40	41	42	43	44	45	46	47	48	49	50	51	52	53	54	55	56	57	58	59	60	61	62	63	64	65	66	67	68	69	70	71	72	73	74	75
9R_MV_S18_R1_001	2360742	1063512	362725	355117	309225	94042	71587	64883	63413	81988	46724	62107	78630	49898	76509	49259	70520	65211	66382	78653	79821	95543	63085	42226	51740	45847	47988	53832	41326	42439	45115	55382	36791	49306	31957	38705	29228	25935	31340	21923	16834	19095	14647	11191	9009	6783	4774	3609	2771	2215	823	1023	424	418	360	587	330	111	181	103	108	251	382	229	178	197	625	406	849	2303	1024	773	856	525	121
	1	2	3	4	5	6	7	10	13	14	18	20	64	69	70	71	72	73	74
9R_MV_S18_R2_001	6536646	43169	23417	19518	14590	37	4	2	1	1	1	1	1	3	3	3	2	4	3
	1	2	3	4	5	6	7	8	9	10	11	12	13	14	15	16	17	18	19	20	21	22	23	24	25	26	27	28	29	30	31	32	33	34	35	36	37	38	39	40	41	42	43	44	45	46	47	48	49	50	51	52	53	54	55	56	57	58	59	60	61	62	63	64	65	66	67	68	69	70	71	72	73	74	75
HS10_S10_R1_001	3015557	1430037	502557	483234	421314	140788	112635	103582	102543	136599	76989	105601	139044	83931	138805	85127	129261	121057	123298	148250	152161	182166	118884	78859	102157	92589	96523	111247	89127	94345	97633	126495	75679	97910	84484	85235	64739	65598	68211	77884	36537	50469	39275	31569	25997	20340	15081	11462	9380	8171	2867	4063	1320	1604	1049	2147	1443	409	823	808	514	1539	2796	1966	1749	1367	3933	1529	1729	5818	2117	1238	1628	747	127
	1	2	3	4	5	6	7	9	10	11	12	13	14	15	17	23	25	27	30	31	32	35	38	40	45	46	48	52	59	64	68	69	70	71	72	73	74	75
HS10_S10_R2_001	8997432	95421	51596	48876	38599	43	5	2	9	1	4	1	2	2	2	1	1	1	1	1	1	1	1	1	2	1	1	1	1	1	1	3	2	4	6	4	3	3
	1	2	3	4	5	6	7	8	9	10	11	12	13	14	15	16	17	18	19	20	21	22	23	24	25	26	27	28	29	30	31	32	33	34	35	36	37	38	39	40	41	42	43	44	45	46	47	48	49	50	51	52	53	54	55	56	57	58	59	60	61	62	63	64	65	66	67	68	69	70	71	72	73	74	75
HS11_S11_R1_001	2021726	956492	325025	294440	250310	85606	67849	62984	61995	81777	45404	60885	78530	48482	76711	50756	73410	66877	67965	81354	80081	94975	59992	40978	52769	47156	49008	56661	45130	46707	48452	58253	37415	46853	47186	24304	32454	30143	25245	28975	27411	16200	16044	12791	10818	8280	6152	4584	3315	2601	802	1057	394	385	236	558	310	90	159	149	96	298	480	249	192	169	630	333	508	1922	833	466	634	384	82
	1	2	3	4	5	6	7	9	10	11	13	27	29	41	61	64	68	70	71	72	73	74	75
HS11_S11_R2_001	5828218	44129	23889	21075	15747	38	1	1	1	1	1	1	1	1	1	1	1	2	1	2	2	2	1
	1	2	3	4	5	6	7	8	9	10	11	12	13	14	15	16	17	18	19	20	21	22	23	24	25	26	27	28	29	30	31	32	33	34	35	36	37	38	39	40	41	42	43	44	45	46	47	48	49	50	51	52	53	54	55	56	57	58	59	60	61	62	63	64	65	66	67	68	69	70	71	72	73	74	75
HS6_S6_R1_001	2475715	1132371	374258	330014	278665	89467	70171	64830	63723	84095	47221	63636	83204	49523	80826	49240	74635	69973	70602	85134	85287	101790	64890	42822	56803	50845	52154	60086	47162	50021	51423	66626	38474	56667	34233	49274	33389	25191	37790	24878	26173	24375	18324	14459	11759	8938	6695	4932	3724	3340	1276	1643	696	625	480	961	596	190	290	250	174	504	806	481	372	336	1221	671	1188	4182	1835	1054	1478	658	176
	1	2	3	4	5	6	7	10	14	16	17	20	21	27	43	62	69	70	71	72	73	74	75
HS6_S6_R2_001	6860932	51922	28316	24115	18384	37	4	4	1	1	2	1	1	1	1	1	2	4	6	2	1	5	1
	1	2	3	4	5	6	7	8	9	10	11	12	13	14	15	16	17	18	19	20	21	22	23	24	25	26	27	28	29	30	31	32	33	34	35	36	37	38	39	40	41	42	43	44	45	46	47	48	49	50	51	52	53	54	55	56	57	58	59	60	61	62	63	64	65	66	67	68	69	70	71	72	73	74	75
HS7_S7_R1_001	4711467	2199359	753059	736871	659181	208970	163984	150468	148397	194266	108785	148601	194638	119371	194069	122227	180707	170327	175694	216461	218986	261177	176208	127535	152783	137562	145496	172479	140061	145039	152665	187508	132400	156116	138892	132302	123197	82316	112034	103770	99027	85006	69090	57497	48399	38353	29016	23010	17049	12413	4239	4848	2057	2105	1748	2674	1549	478	691	576	403	1230	1989	1200	916	770	2504	1422	2899	8032	3495	2374	2547	796	164
	1	2	3	4	5	6	7	10	12	13	14	15	16	17	21	22	23	24	25	28	30	33	39	40	42	44	47	48	61	63	64	65	66	67	68	69	70	71	72	73
HS7_S7_R2_001	13940076	159110	86637	85070	66891	94	11	1	8	4	5	3	2	1	1	1	1	1	1	1	1	1	2	1	1	1	1	1	1	1	1	2	3	1	1	3	2	3	6	2
	1	2	3	4	5	6	7	8	9	10	11	12	13	14	15	16	17	18	19	20	21	22	23	24	25	26	27	28	29	30	31	32	33	34	35	36	37	38	39	40	41	42	43	44	45	46	47	48	49	50	51	52	53	54	55	56	57	58	59	60	61	62	63	64	65	66	67	68	69	70	71	72	73	74	75
HS8_S8_R1_001	2384083	1109393	366896	333715	285699	91239	71261	65538	64061	86044	47287	64073	84507	49841	82095	49209	75018	70566	71267	85760	85444	103441	65377	42145	56329	50357	51877	60463	46169	49140	51226	68152	34492	49829	41145	50056	24147	38243	23575	33231	26033	20225	17571	14396	11398	8588	6366	4646	3613	2902	1128	1307	543	537	402	762	428	181	216	168	155	508	838	485	365	319	974	533	945	2987	1300	838	929	470	106
	1	2	3	4	5	6	7	11	12	13	15	17	22	27	28	38	45	53	64	67	68	69	70	71	72	73	74	75
HS8_S8_R2_001	6721484	49202	26867	23446	18066	50	5	3	1	1	1	1	1	1	1	1	1	1	1	1	1	2	3	2	2	7	3	2
	1	2	3	4	5	6	7	8	9	10	11	12	13	14	15	16	17	18	19	20	21	22	23	24	25	26	27	28	29	30	31	32	33	34	35	36	37	38	39	40	41	42	43	44	45	46	47	48	49	50	51	52	53	54	55	56	57	58	59	60	61	62	63	64	65	66	67	68	69	70	71	72	73	74	75
HS9_S9_R1_001	3138880	1448153	497626	471565	412260	132890	103174	94919	91651	122754	68175	93979	122427	72686	120707	73749	110594	104346	106207	128553	129758	159276	101388	65848	86003	77841	79826	93056	71312	75872	80266	110677	48970	72586	76447	60163	52691	54948	46172	50504	42462	35572	30057	23369	19239	14888	10788	8282	6675	6203	2390	3493	1103	1263	869	1912	1332	418	890	1010	680	1702	2146	1173	804	560	2049	990	1544	5973	2419	1416	2036	827	164
	1	2	3	4	5	6	7	8	9	10	11	12	13	14	16	22	25	30	33	54	68	69	70	71	72	73	74	75
HS9_S9_R2_001	8941173	77396	41803	37572	29997	48	8	2	1	4	2	2	5	1	1	1	1	1	2	1	1	3	5	3	10	6	3	2

