Sample	aligned_reads	ambig_reads	discarded_reads	meth_chg	meth_chh	meth_cpg	no_alignments	percent_aligned	percent_chg_meth	percent_chh_meth	percent_cpg_meth	strand_ctob	strand_ctot	strand_directional	strand_ob	strand_ot	total_c	total_reads	unmeth_chg	unmeth_chh	unmeth_cpg
10AF_S5_R1_001_val_1	6467361.0	1305172.0	20051.0	417288.0	736817.0	23178209.0	6919130.0	44.0206190409	0.6	0.5	57.0	0.0	0.0	directional	3225335.0	3232147.0	267601816.0	14691663.0	69014002.0	156750652.0	17504848.0
10P_ER_S13_R1_001_val_1	5703760.0	1098892.0	17699.0	351446.0	630565.0	19534595.0	6512910.0	42.8352930203	0.6	0.5	54.8	0.0	0.0	directional	2844737.0	2850052.0	235553774.0	13315562.0	60737336.0	138186516.0	16113316.0
10R_SG_S19_R1_001_val_1	6633110.0	1194938.0	20954.0	444562.0	793512.0	23398777.0	7485411.0	43.3155565963	0.6	0.5	56.4	0.0	0.0	directional	3308793.0	3313773.0	273980388.0	15313459.0	70509154.0	160747420.0	18086963.0
11P_DS_S14_R1_001_val_1	5390718.0	1062446.0	17507.0	358112.0	622862.0	18607789.0	6760845.0	40.795476982	0.6	0.5	54.8	0.0	0.0	directional	2689749.0	2692111.0	222885906.0	13214009.0	57323990.0	130651202.0	15321951.0
11R_GA_S20_R1_001_val_1	5896671.0	1201563.0	17462.0	392685.0	708911.0	21006774.0	8108514.0	38.7766733558	0.6	0.5	55.3	0.0	0.0	directional	2941707.0	2946178.0	245559072.0	15206748.0	63491161.0	142987110.0	16972431.0
12_HS_S1_R1_001_val_1	6306814.0	1541870.0	19577.0	385854.0	648657.0	22335187.0	8346079.0	38.9435399579	0.5	0.4	45.8	0.0	0.0	directional	3145727.0	3151401.0	271624175.0	16194763.0	71561966.0	150287975.0	26404536.0
12_P_DGG_S22_R1_001_val_1	8487001.0	1858033.0	27993.0	547089.0	980807.0	33620109.0	10764752.0	40.2041072325	0.6	0.5	56.5	0.0	0.0	directional	4231457.0	4241554.0	358490924.0	21109786.0	94254644.0	203154257.0	25934018.0
12_R_EU_S8_R1_001_val_1	9611723.0	2102366.0	31854.0	616478.0	1091571.0	37786479.0	11614443.0	41.2015766787	0.6	0.5	55.9	0.0	0.0	directional	4792027.0	4803991.0	406431992.0	23328532.0	106860587.0	230321127.0	29755750.0
13_HS_S2_R1_001_val_1	7947699.0	1845312.0	25101.0	490601.0	875197.0	30944450.0	9801549.0	40.5607423693	0.6	0.5	55.6	0.0	0.0	directional	3964504.0	3970725.0	336225577.0	19594560.0	88440078.0	190714262.0	24760989.0
13_P_FM_S23_R1_001_val_1	6394904.0	1443337.0	19272.0	414933.0	734324.0	25222534.0	8704019.0	38.6579826457	0.6	0.5	55.5	0.0	0.0	directional	3192354.0	3193069.0	270925577.0	16542260.0	71288132.0	153039958.0	20225696.0
13_R_RF_S9_R1_001_val_1	8842391.0	2017232.0	29655.0	559934.0	1033216.0	34481994.0	11518942.0	39.5127703675	0.6	0.5	55.2	0.0	0.0	directional	4409560.0	4418281.0	374521612.0	22378565.0	98406626.0	212087270.0	27952572.0
14_HS_S3_R1_001_val_1	9416261.0	2002194.0	30785.0	585582.0	1040555.0	37221912.0	11076497.0	41.8594402869	0.6	0.5	56.0	0.0	0.0	directional	4698126.0	4703141.0	398545328.0	22494952.0	104920594.0	225556337.0	29220348.0
14_P_SG_S24_R1_001_val_1	7840047.0	1930161.0	24827.0	495724.0	902861.0	31299428.0	11706739.0	36.5044761716	0.6	0.5	55.8	0.0	0.0	directional	3911224.0	3916854.0	332160270.0	21476947.0	87359195.0	187354826.0	24748236.0
14_R_MM_S10_R1_001_val_1	11883164.0	2815173.0	37940.0	766194.0	1414195.0	46808484.0	15393323.0	39.4898918837	0.6	0.5	56.1	0.0	0.0	directional	5931602.0	5932768.0	503224043.0	30091660.0	132274913.0	285356645.0	36603612.0
15_HS_S4_R1_001_val_1	5697379.0	1237598.0	19148.0	350326.0	647905.0	22470559.0	6849048.0	41.3332027474	0.6	0.5	56.2	0.0	0.0	directional	2842997.0	2845031.0	240546828.0	13784025.0	63268572.0	136264834.0	17544632.0
15_P_SMR_S25_R1_001_val_1	10512920.0	2433527.0	33346.0	663239.0	1199791.0	41462251.0	12693822.0	41.0015979162	0.6	0.5	56.3	0.0	0.0	directional	5246408.0	5249976.0	443645027.0	25640269.0	116456424.0	251726137.0	32137185.0
15_R_RN_S11_R1_001_val_1	10110406.0	2166231.0	31890.0	612089.0	1080286.0	39534620.0	10414542.0	44.5565477228	0.5	0.4	56.3	0.0	0.0	directional	5044380.0	5050198.0	427397578.0	22691179.0	112523342.0	242934074.0	30713167.0
16_HS_S5_R1_001_val_1	6071687.0	1339094.0	20325.0	381228.0	670744.0	23431900.0	6879586.0	42.4879710927	0.6	0.5	55.1	0.0	0.0	directional	3029004.0	3032634.0	256352634.0	14290367.0	67419191.0	145352732.0	19096839.0
16_P_CV_S26_R1_001_val_1	6651897.0	1429799.0	20983.0	405068.0	733234.0	25580385.0	6697213.0	45.009391424	0.5	0.5	55.9	0.0	0.0	directional	3318887.0	3322628.0	279380896.0	14778909.0	73361361.0	159132503.0	20168345.0
16_R_TG_S12_R1_001_val_1	9298206.0	2105969.0	29283.0	591356.0	1068962.0	36404351.0	11445777.0	40.6924530957	0.6	0.5	55.7	0.0	0.0	directional	4636098.0	4647974.0	393076527.0	22849952.0	103355991.0	222689125.0	28966742.0
17_HS_S6_R1_001_val_1	10464347.0	2343844.0	34328.0	657261.0	1169584.0	41138928.0	12967021.0	40.5984905187	0.6	0.5	56.1	0.0	0.0	directional	5221327.0	5226066.0	442083865.0	25775212.0	116204972.0	250662579.0	32250541.0
17_P_FA_S27_R1_001_val_1	4248187.0	826825.0	11768.0	236302.0	385134.0	8587197.0	5097688.0	41.760663344	0.5	0.4	19.1	0.0	0.0	directional	2119363.0	2123059.0	194981182.0	10172700.0	50318205.0	99130561.0	36323783.0
17_R_SN_S13_R1_001_val_1	7920991.0	1713989.0	25035.0	497852.0	905734.0	30901690.0	9601434.0	41.177066578	0.6	0.5	55.8	0.0	0.0	directional	3951456.0	3957136.0	335701876.0	19236414.0	88082313.0	190812783.0	24501504.0
18_HS_S7_R1_001_val_1	7964801.0	1845469.0	25269.0	509117.0	869245.0	31492708.0	9636929.0	40.9560317658	0.6	0.5	55.6	0.0	0.0	directional	3977073.0	3975172.0	337589873.0	19447199.0	89035870.0	190542077.0	25140856.0
18_P_CD_S28_R1_001_val_1	7248453.0	1545243.0	23172.0	458500.0	784485.0	26829248.0	9018076.0	40.6947326745	0.6	0.5	49.9	0.0	0.0	directional	3613647.0	3623365.0	309323586.0	17811772.0	81396787.0	172905510.0	26949056.0
18_R_GS_S14_R1_001_val_1	5819691.0	1313897.0	18938.0	476515.0	909000.0	22933967.0	7390880.0	40.0681870069	0.7	0.6	55.9	0.0	0.0	directional	2900665.0	2909652.0	246394178.0	14524468.0	64666248.0	139316614.0	18091834.0
19_P_CS_S29_R1_001_val_1	8391927.0	1800979.0	27499.0	520526.0	937933.0	32513060.0	9521735.0	42.5669785212	0.6	0.5	55.1	0.0	0.0	directional	4187779.0	4190514.0	354728076.0	19714641.0	93154314.0	201119492.0	26482751.0
19_R_AG_S15_R1_001_val_1	5453944.0	1428022.0	17450.0	341724.0	614428.0	21412649.0	7336837.0	38.357265376	0.6	0.5	55.2	0.0	0.0	directional	2722333.0	2722976.0	230727238.0	14218803.0	60616117.0	130347772.0	17394548.0
1AF_S1_R1_001_val_1	11582045.0	2445992.0	40846.0	840130.0	1687258.0	46570913.0	16057644.0	38.4968683275	0.7	0.6	60.2	0.0	0.0	directional	5774413.0	5787825.0	477416384.0	30085681.0	124963265.0	272535145.0	30819673.0
1HS_S6_R1_001_val_1	11010121.0	2395163.0	32322.0	744467.0	1476103.0	43908570.0	11320653.0	44.5286299969	0.6	0.6	60.5	0.0	0.0	directional	5487346.0	5506825.0	453378135.0	24725937.0	118870154.0	259695191.0	28683650.0
1MRLA_S9_R1_001_val_1	8989416.0	1700448.0	28393.0	602338.0	1267146.0	35186427.0	14122168.0	36.2300677349	0.6	0.6	59.6	0.0	0.0	directional	4479631.0	4495920.0	378754534.0	24812032.0	98087014.0	219788851.0	23822758.0
1PEM_S1_R1_001_val_1	7506480.0	1446087.0	22910.0	504274.0	1053982.0	28560428.0	10970950.0	37.676480513	0.6	0.6	58.4	0.0	0.0	directional	3742414.0	3752762.0	316110823.0	19923517.0	81894704.0	183713493.0	20383942.0
1RDAS_S11_R1_001_val_1	8920107.0	1725285.0	28272.0	583925.0	1183445.0	35169660.0	12023227.0	39.3500239251	0.6	0.5	60.0	0.0	0.0	directional	4445243.0	4460711.0	376510980.0	22668619.0	97805749.0	218363468.0	23404733.0
20_P_ES_S30_R1_001_val_1	7319491.0	1643185.0	24609.0	450138.0	777370.0	27292094.0	8930072.0	40.9075844582	0.5	0.4	51.2	0.0	0.0	directional	3650638.0	3656534.0	311421217.0	17892748.0	81988828.0	174886855.0	26025932.0
21_P_ME_S31_R1_001_val_1	9743565.0	2146686.0	33985.0	598975.0	1045433.0	37544432.0	11475568.0	41.700079077	0.6	0.4	55.1	0.0	0.0	directional	4861039.0	4865798.0	411519832.0	23365819.0	108151692.0	233552233.0	30627067.0
22_P_CE_S32_R1_001_val_1	8454340.0	1889183.0	29265.0	542364.0	961088.0	33265784.0	10327532.0	40.8994122458	0.6	0.5	55.6	0.0	0.0	directional	4218877.0	4220877.0	357237282.0	20671055.0	93965428.0	201900484.0	26602134.0
23_P_FA_S33_R1_001_val_1	8884470.0	1849018.0	29077.0	560045.0	1003132.0	34552540.0	10293633.0	42.2524319901	0.6	0.5	55.7	0.0	0.0	directional	4433291.0	4436796.0	374924912.0	21027121.0	98095936.0	213265910.0	27447349.0
2AF_S2_R1_001_val_1	11385889.0	2420101.0	35685.0	803566.0	1607110.0	46295643.0	13772669.0	41.2851437048	0.6	0.6	61.0	0.0	0.0	directional	5672184.0	5696177.0	470038867.0	27578659.0	123083123.0	268599636.0	29649789.0
2HS_S7_R1_001_val_1	10403748.0	2252751.0	33625.0	739218.0	1531560.0	41158255.0	14508462.0	38.2984094842	0.7	0.6	59.4	0.0	0.0	directional	5187312.0	5200373.0	428106886.0	27164961.0	111785910.0	244788208.0	28103735.0
2MRPF_S10_R1_001_val_1	8566475.0	1660282.0	28503.0	563422.0	1161765.0	33236596.0	11758848.0	38.9640175924	0.6	0.6	59.6	0.0	0.0	directional	4266981.0	4285058.0	360569685.0	21985605.0	93486923.0	209606793.0	22514186.0
2PSL_S2_R1_001_val_1	8538835.0	1609017.0	25524.0	582377.0	1197237.0	33749540.0	11113064.0	40.1621218954	0.6	0.6	60.7	0.0	0.0	directional	4258501.0	4267608.0	359591994.0	21260916.0	93232198.0	208986478.0	21844164.0
2RDAM_S12_R1_001_val_1	7995927.0	1487408.0	25705.0	559322.0	1185609.0	31608510.0	12745745.0	35.9705709818	0.6	0.6	60.4	0.0	0.0	directional	3984722.0	3998673.0	335963410.0	22229080.0	86878652.0	195016082.0	20715235.0
3HS_S8_R1_001_val_1	9449123.0	2030667.0	29564.0	666379.0	1340665.0	38061868.0	11712346.0	40.7427888488	0.6	0.6	60.1	0.0	0.0	directional	4710295.0	4724363.0	389998322.0	23192136.0	102183476.0	222501322.0	25244612.0
3PDR_S3_R1_001_val_1	9054423.0	1714132.0	29015.0	600866.0	1251462.0	34425723.0	13143024.0	37.8662697265	0.6	0.6	58.9	0.0	0.0	directional	4512380.0	4527765.0	379465982.0	23911579.0	98172219.0	221031853.0	23983859.0
3RAM_S13_R1_001_val_1	8573715.0	1619792.0	28519.0	568842.0	1205543.0	33962197.0	13187916.0	36.6689187395	0.6	0.6	60.0	0.0	0.0	directional	4273596.0	4285893.0	361906580.0	23381423.0	94136058.0	209375762.0	22658178.0
3_MR_MF_S16_R1_001_val_1	8795519.0	1871274.0	27740.0	568343.0	995189.0	34050063.0	10558371.0	41.4391097284	0.6	0.5	54.9	0.0	0.0	directional	4387343.0	4394357.0	372446162.0	21225164.0	98107617.0	210739139.0	27985811.0
4AF_S4_R1_001_val_1	10403447.0	2202650.0	34785.0	731058.0	1509745.0	40916441.0	13528259.0	39.8075506433	0.7	0.6	60.6	0.0	0.0	directional	5185056.0	5201555.0	424064965.0	26134356.0	110434978.0	243881121.0	26591622.0
4HS_S9_R1_001_val_1	10988796.0	2428412.0	37972.0	776806.0	1571803.0	44193039.0	14849072.0	38.8759893414	0.7	0.6	60.0	0.0	0.0	directional	5478781.0	5491713.0	453391600.0	28266280.0	118632961.0	258718992.0	29497999.0
4PSR_S4_R1_001_val_1	8994970.0	1712408.0	28692.0	603905.0	1267062.0	35317243.0	12886105.0	38.1248076005	0.6	0.6	60.0	0.0	0.0	directional	4481528.0	4499343.0	378642638.0	23593483.0	98140231.0	219723142.0	23591055.0
4RRS_S14_R1_001_val_1	7265797.0	1519276.0	24003.0	491988.0	1026006.0	27917383.0	11749740.0	35.3828252539	0.6	0.6	58.3	0.0	0.0	directional	3619501.0	3634575.0	305735141.0	20534813.0	79218210.0	177151332.0	19930222.0
4_MR_CL_S17_R1_001_val_1	13595085.0	3043600.0	41655.0	1177615.0	2258542.0	54018550.0	14131839.0	44.1821692734	0.8	0.7	56.8	0.0	0.0	directional	6782031.0	6792399.0	574968801.0	30770524.0	150895104.0	325612739.0	41006251.0
5AF_S5_R1_001_val_1	9779562.0	2015449.0	30120.0	672677.0	1336358.0	38140565.0	10638956.0	43.592655726	0.6	0.6	59.7	0.0	0.0	directional	4875763.0	4889032.0	400783019.0	22433967.0	104832286.0	230059268.0	25741865.0
5HS_S10_R1_001_val_1	10322066.0	2234473.0	34299.0	720419.0	1468752.0	41761987.0	12798072.0	40.7108040427	0.6	0.6	60.9	0.0	0.0	directional	5143697.0	5161495.0	425143088.0	25354611.0	111352213.0	243024303.0	26815414.0
5PAM_S5_R1_001_val_1	8817420.0	1764951.0	29290.0	573240.0	1204022.0	33876932.0	12759259.0	37.7755109647	0.6	0.6	58.9	0.0	0.0	directional	4392842.0	4409919.0	371695255.0	23341630.0	96423877.0	215974528.0	23642656.0
5ROCA_S15_R1_001_val_1	8375972.0	1600048.0	26776.0	566045.0	1163950.0	32666772.0	11641849.0	38.7455951371	0.6	0.6	59.8	0.0	0.0	directional	4177155.0	4185720.0	352114509.0	21617869.0	91250083.0	204498672.0	21968987.0
5_MR_PC_S18_R1_001_val_1	9241818.0	2143577.0	30167.0	588505.0	1054887.0	36011856.0	12938198.0	37.995283016	0.6	0.5	55.4	0.0	0.0	directional	4612607.0	4614267.0	390511460.0	24323593.0	102782395.0	221040661.0	29033156.0
6AF_S1_R1_001_val_1	7335346.0	1464953.0	24118.0	477750.0	834621.0	25774820.0	9521154.0	40.0369228358	0.6	0.5	55.2	0.0	0.0	directional	3659639.0	3663679.0	304529940.0	18321453.0	78568923.0	177989828.0	20883998.0
6PAG_S6_R1_001_val_1	7522148.0	1431103.0	25273.0	519473.0	1090561.0	29483026.0	12580029.0	34.9326623719	0.6	0.6	59.8	0.0	0.0	directional	3748071.0	3761808.0	316395286.0	21533280.0	81962289.0	183538447.0	19801490.0
6R_FD_S15_R1_001_val_1	5215982.0	1058252.0	17459.0	352756.0	622461.0	18349429.0	6583055.0	40.5682877627	0.6	0.5	55.7	0.0	0.0	directional	2603085.0	2604033.0	215926572.0	12857289.0	55660813.0	126318983.0	14622130.0
6_MR_PM_S19_R1_001_val_1	6482899.0	1478776.0	19680.0	404044.0	743490.0	24985424.0	7985289.0	40.6528728603	0.6	0.5	55.8	0.0	0.0	directional	3233547.0	3239758.0	271893825.0	15946964.0	71234084.0	154725938.0	19800845.0
7AF_S2_R1_001_val_1	5940756.0	1173380.0	18435.0	399370.0	699571.0	21150074.0	8056932.0	39.1584560823	0.6	0.5	56.1	0.0	0.0	directional	2961265.0	2970427.0	246273212.0	15171068.0	63439589.0	144010965.0	16573643.0
7PIL_S7_R1_001_val_1	10329093.0	1933286.0	34144.0	693158.0	1448381.0	40692150.0	14638908.0	38.3962782152	0.6	0.6	60.3	0.0	0.0	directional	5144875.0	5167416.0	435299854.0	26901287.0	112751046.0	252928550.0	26786569.0
7R_FV_S16_R1_001_val_1	3641270.0	743823.0	10974.0	242275.0	440738.0	12765651.0	4603873.0	40.5082186316	0.6	0.5	55.2	0.0	0.0	directional	1818697.0	1817102.0	150796160.0	8988966.0	38891851.0	88109824.0	10345821.0
7_MR_RC_S20_R1_001_val_1	5162633.0	1156643.0	15711.0	328385.0	570237.0	20191352.0	6528992.0	40.1815482056	0.6	0.5	55.5	0.0	0.0	directional	2572751.0	2582077.0	218215829.0	12848268.0	57403577.0	123544430.0	16177848.0
8AF_S3_R1_001_val_1	5841943.0	1064405.0	19722.0	382851.0	679849.0	20663700.0	6994296.0	42.0264197831	0.6	0.5	57.1	0.0	0.0	directional	2913559.0	2918457.0	240060793.0	13900644.0	61816164.0	140970306.0	15547923.0
8PSN_S8_R1_001_val_1	10665919.0	2074057.0	33383.0	698207.0	1433671.0	41428291.0	14383258.0	39.3239205915	0.6	0.5	59.6	0.0	0.0	directional	5314016.0	5335084.0	449294656.0	27123234.0	116598701.0	261005664.0	28130122.0
8R_BM_S17_R1_001_val_1	5639037.0	1139016.0	18143.0	351130.0	625729.0	19849087.0	6372436.0	42.880816067	0.6	0.5	56.4	0.0	0.0	directional	2811791.0	2818205.0	232708904.0	13150489.0	59951021.0	136572630.0	15359307.0
8_MR_MA_S21_R1_001_val_1	8330678.0	1807852.0	26859.0	527738.0	929556.0	32714264.0	10632051.0	40.108064382	0.6	0.5	55.4	0.0	0.0	directional	4156810.0	4160444.0	352616154.0	20770581.0	93101811.0	198967191.0	26375594.0
9AF_S4_R1_001_val_1	7397016.0	1429705.0	23112.0	473074.0	841292.0	26371096.0	8254369.0	43.3052925779	0.6	0.5	57.1	0.0	0.0	directional	3687688.0	3697801.0	305353388.0	17081090.0	78596880.0	179242121.0	19828925.0
9P_PA_S12_R1_001_val_1	5840894.0	1164996.0	17480.0	374719.0	661557.0	20836088.0	7179381.0	41.1757660463	0.6	0.5	56.3	0.0	0.0	directional	2913879.0	2918234.0	242077968.0	14185271.0	62425065.0	141609117.0	16171422.0
9R_MV_S18_R1_001_val_1	6254121.0	1183550.0	19759.0	379737.0	681571.0	21813141.0	6530921.0	44.7727372952	0.6	0.4	55.4	0.0	0.0	directional	3121291.0	3122860.0	258810562.0	13968592.0	66770780.0	151592970.0	17572363.0
HS10_S10_R1_001_val_1	7535751.0	1521189.0	25330.0	501907.0	867630.0	26987706.0	10247189.0	39.0369904801	0.6	0.5	56.0	0.0	0.0	directional	3759952.0	3763018.0	312903497.0	19304129.0	80770987.0	182563639.0	21211628.0
HS11_S11_R1_001_val_1	5032060.0	1030327.0	15103.0	310261.0	564355.0	17604564.0	6282424.0	40.7625519743	0.6	0.5	55.1	0.0	0.0	directional	2509029.0	2515666.0	208433999.0	12344811.0	53699045.0	121927766.0	14328008.0
HS6_S6_R1_001_val_1	6036211.0	1141179.0	19859.0	399203.0	701255.0	21150065.0	7400853.0	41.4056138315	0.6	0.5	56.2	0.0	0.0	directional	3011502.0	3014652.0	249230747.0	14578243.0	64145439.0	146378138.0	16456647.0
HS7_S7_R1_001_val_1	12037600.0	2586353.0	39491.0	753592.0	1317666.0	42900364.0	15494803.0	39.9671221481	0.6	0.4	55.9	0.0	0.0	directional	6008221.0	6009657.0	501021954.0	30118756.0	129344406.0	292904749.0	33801177.0
HS8_S8_R1_001_val_1	6035849.0	1150094.0	20012.0	396849.0	705721.0	21605720.0	7073981.0	42.3273574249	0.6	0.5	56.6	0.0	0.0	directional	3013737.0	3012003.0	249875779.0	14259924.0	64455921.0	146139667.0	16571901.0
HS9_S9_R1_001_val_1	7953851.0	1558953.0	23790.0	517182.0	902772.0	27991325.0	9634941.0	41.5393614235	0.6	0.5	55.8	0.0	0.0	directional	3966517.0	3975401.0	329435534.0	19147745.0	85019679.0	192793982.0	22210594.0
